86.426 22.038 68.118 29.052
54.284 14.462 46.690 15.492
76.912 19.462 55.027 27.302
34.142 9.498 28.844 13.216
51.799 13.570 42.521 15.800
41.456 11.204 34.986 18.138
42.284 12.191 38.210 26.464
41.941 12.067 39.699 32.387
108.225 28.973 95.771 26.478
33.314 9.714 31.048 15.766
8.828 2.939 8.246 17.926
42.627 11.047 34.986 15.129
13.314 4.346 12.806 42.446
20.142 5.829 18.439 13.180
20.142 5.963 18.868 216.749
15.657 4.664 14.000 18.984
18.485 5.497 17.088 14.642
62.284 16.904 56.321 27.633
39.456 11.381 36.715 27.971
18.485 5.398 17.088 11.301
121.196 29.520 96.187 24.001
40.971 11.336 37.947 28.839
6.828 2.398 6.325 0.000
11.314 4.000 11.314 12738103345051544.000
14.485 4.371 13.416 11.301
13.314 4.282 12.806 48.068
24.485 7.087 22.804 24.271
41.113 11.439 38.419 22.760
69.598 19.121 63.530 36.480
6.828 2.398 6.325 0.000
17.314 5.286 16.125 173.175
9.657 3.200 8.944 10070354910243150.000
23.314 6.596 20.396 27.438
33.657 9.819 32.000 9.471
9.657 3.098 8.944 10070354910243150.000
16.485 4.873 15.232 12.802
107.539 29.353 95.268 31.896
17.314 5.142 15.620 19.915
46.142 11.757 34.409 12.027
14.828 4.630 14.142 17.926
14.485 4.371 13.416 11.301
40.485 11.664 38.471 22.157
106.711 25.414 82.024 23.465
35.657 10.386 34.000 17.926
21.314 6.148 19.698 29.561
14.142 4.830 14.142 12738103345051544.000
40.627 11.505 37.577 48.651
39.657 11.558 38.210 19.336
52.770 15.002 49.396 91.089
38.971 10.466 32.062 17.769
36.627 10.203 32.311 23.916
24.828 7.502 24.083 20.042
17.314 4.987 15.620 9.701
49.799 13.529 44.407 20.473
35.799 10.100 33.106 27.361
33.314 9.512 31.048 16.495
13.657 4.257 12.649 9.001
25.314 7.147 22.361 26.238
63.456 16.330 52.345 21.023
56.284 13.868 40.792 24.737
20.828 6.387 20.100 18.631
45.799 12.772 41.231 21.516
6.000 2.236 6.000 0.000
98.426 26.314 87.132 16.714
21.314 6.151 19.698 16.688
8.828 2.939 8.246 17.926
63.598 16.806 57.201 30.748
61.598 16.417 55.317 23.154
31.799 9.207 29.530 33.029
43.799 11.788 38.053 21.646
21.314 6.177 19.698 40.507
33.314 9.297 30.265 12.802
11.657 3.742 10.770 11.397
37.314 10.417 34.234 11.920
18.485 5.560 17.088 35.130
36.971 10.425 34.176 21.577
18.485 5.497 17.088 33.449
22.971 7.111 21.260 36.556
16.828 5.230 16.125 17.926
69.799 19.280 64.281 16.931
32.627 8.859 28.636 12.254
43.799 11.983 39.294 21.968
50.770 15.020 46.861 41.860
45.598 13.356 43.863 42.580
32.627 9.456 30.529 32.167
28.971 8.362 26.833 34.897
95.397 24.764 85.276 18.990
11.657 3.727 10.770 39.056
13.314 4.282 12.806 48.068
35.113 10.767 33.941 101.977
10.000 3.416 10.000 0.000
58.912 16.644 56.639 58.766
53.456 14.582 49.396 27.621
8.000 2.828 8.000 0.000
58.426 16.236 54.406 38.829
49.941 14.075 46.043 30.096
24.142 7.186 22.361 75.740
41.799 11.429 37.363 20.242
32.485 9.360 30.594 14.131
25.314 7.255 23.409 19.196
33.657 9.905 32.249 18.984
54.426 15.488 50.990 42.388
8.828 2.939 8.246 17.926
20.000 6.325 20.000 0.000
29.456 7.658 22.091 17.620
25.799 7.554 24.413 18.754
57.598 15.721 50.160 21.539
46.627 13.352 42.048 13.073
8.828 2.993 8.246 20.042
32.142 9.112 29.732 33.088
21.657 6.510 20.396 24.806
8.828 2.939 8.246 17.926
24.971 7.264 22.804 28.850
28.142 8.091 26.000 21.561
46.485 11.401 32.802 12.802
7.657 2.784 7.211 0.000
35.941 10.866 35.384 130.661
26.142 7.616 24.166 31.288
74.284 19.903 66.121 23.870
15.657 4.690 14.560 18.984
57.255 16.584 52.154 52.767
25.456 8.124 25.456 25476206690103092.000
21.314 6.274 18.868 20.906
8.000 2.828 8.000 0.000
18.971 6.062 18.439 108.814
26.485 7.524 24.083 18.984
7.657 2.646 7.211 0.000
61.941 17.065 57.271 24.609
13.314 4.534 12.806 108.814
43.941 12.492 41.617 80.817
10.485 3.666 10.000 42.446
68.770 19.187 61.774 32.160
56.284 15.368 52.000 36.834
12.000 4.000 12.000 0.000
14.828 4.630 14.142 20.042
43.941 11.195 33.526 33.357
54.426 15.745 51.225 42.643
16.485 4.994 15.232 83.598
30.000 9.220 30.000 0.000
12.485 4.028 11.662 97.419
48.627 13.627 44.944 37.705
46.770 13.212 44.407 35.753
6.828 2.398 6.325 0.000
45.314 12.782 42.190 15.750
7.657 2.646 7.211 0.000
24.142 7.126 21.633 17.956
38.971 10.486 34.000 10.486
50.971 14.306 46.174 22.296
50.627 14.003 44.721 12.690
52.142 14.496 47.539 13.216
48.971 13.332 44.000 13.448
12.828 4.101 12.166 20.042
26.485 7.784 24.739 26.392
31.113 9.764 31.113 12738103345051544.000
54.284 14.583 50.160 21.476
79.941 21.559 71.021 26.081
18.485 5.506 15.620 16.913
28.971 8.024 25.612 18.563
27.657 8.098 26.306 18.984
21.314 5.973 18.868 10.433
23.314 6.680 21.541 16.546
30.142 8.381 27.857 12.157
52.284 14.624 48.332 24.707
32.971 9.004 28.425 15.480
39.314 11.112 36.222 18.958
37.314 10.509 34.234 30.178
26.627 7.883 25.456 38.169
100.083 26.713 92.477 29.481
22.485 6.784 20.881 47.566
13.657 4.140 12.649 18.984
27.314 7.929 25.298 22.470
26.828 8.079 26.077 17.926
27.314 7.754 22.804 17.933
25.314 7.147 22.361 27.438
18.000 5.745 18.000 0.000
49.314 13.903 46.174 19.080
67.598 17.705 57.271 30.873
41.456 11.741 38.471 43.654
10.828 3.543 10.198 20.042
11.657 3.606 10.770 18.984
8.485 3.162 8.485 0.000
38.284 9.689 27.785 11.545
59.113 16.317 53.141 32.838
33.314 9.440 31.048 15.496
50.284 13.336 41.617 12.500
27.314 7.708 24.331 28.011
24.971 7.345 22.804 26.597
18.485 5.452 17.088 12.809
32.971 8.984 26.683 16.966
37.113 11.241 35.384 90.143
19.657 5.896 18.439 19.195
127.397 32.650 110.454 19.091
17.657 5.333 16.492 9.001
80.912 22.066 72.250 29.281
15.314 4.916 14.142 46.194
30.142 8.497 27.857 19.196
124.853 24.189 62.097 13.002
25.314 7.157 22.361 15.106
14.828 4.630 14.142 20.042
11.657 3.606 10.770 18.984
16.142 5.206 15.620 81.253
94.912 24.299 81.633 22.914
50.971 14.135 42.942 22.719
20.828 6.397 20.100 18.984
32.142 8.477 26.000 11.479
26.971 7.100 22.361 6.088
29.657 8.672 28.284 18.984
37.799 10.630 34.928 32.323
11.314 4.000 11.314 12738103345051544.000
32.142 8.692 27.203 14.771
7.657 2.784 7.211 0.000
32.142 9.263 29.732 20.051
21.314 5.953 18.000 17.383
18.142 5.472 17.205 13.402
12.485 3.682 10.198 10.021
60.627 16.734 56.321 36.421
22.828 6.944 22.091 17.926
22.142 6.416 20.000 20.319
14.828 4.630 14.142 20.042
30.284 9.332 29.732 137.939
16.828 5.202 16.125 20.042
14.142 4.830 14.142 12738103345051544.000
8.828 2.939 8.246 20.042
47.113 11.495 36.000 13.896
48.627 13.182 43.863 29.418
28.142 7.967 26.000 20.468
18.828 5.776 18.111 20.042
96.912 24.653 80.025 25.782
25.657 7.612 24.331 18.631
31.314 9.088 29.120 17.873
47.456 13.201 42.379 35.507
34.485 10.037 32.558 21.098
68.284 18.005 58.310 16.492
56.284 15.546 50.990 36.998
12.000 4.000 12.000 0.000
39.314 10.985 36.000 8.826
58.627 16.321 54.406 22.313
12.000 4.000 12.000 0.000
11.314 4.000 11.314 12738103345051544.000
45.941 13.445 43.267 48.170
18.142 5.333 15.232 44.601
20.971 6.733 20.000 39.655
65.113 18.537 58.822 21.680
16.142 5.391 15.620 163.933
51.456 14.240 47.539 25.102
25.314 7.079 22.361 12.310
58.627 15.393 50.120 24.714
84.912 22.458 78.715 36.302
42.142 11.794 39.294 19.138
50.284 13.690 44.407 18.884
63.456 17.233 57.723 17.045
16.828 5.230 16.125 20.042
8.000 2.828 8.000 0.000
30.284 9.183 29.732 103.117
20.485 6.242 18.974 18.919
19.657 5.831 18.000 18.772
64.770 17.473 56.639 16.180
45.799 12.281 40.447 22.050
6.000 2.236 6.000 0.000
30.485 8.739 28.636 26.392
35.314 10.210 32.985 25.915
57.113 15.969 52.802 37.479
42.485 12.250 40.447 18.067
40.284 11.922 37.736 43.437
46.142 12.931 39.395 29.049
28.142 7.787 24.739 10.800
58.284 15.971 51.108 20.018
21.799 7.083 21.260 274.169
32.284 9.657 31.241 152.489
31.657 9.373 30.265 22.508
23.799 7.592 22.804 43.867
49.598 14.424 44.944 51.014
89.740 22.207 63.561 28.527
21.314 6.200 19.698 13.017
37.456 10.443 33.941 13.554
27.314 7.711 24.331 14.170
22.828 6.976 22.091 18.984
8.828 2.993 8.246 20.042
54.426 15.191 50.990 41.317
34.142 9.367 28.844 13.054
94.225 26.382 87.132 54.773
41.799 11.896 36.715 22.932
45.113 12.105 37.363 16.106
21.799 6.607 18.868 16.297
59.799 16.229 54.332 17.755
14.485 4.371 13.416 12.802
14.000 4.583 14.000 0.000
31.314 8.737 27.857 11.106
58.770 16.029 54.589 47.526
65.113 17.953 58.822 21.307
68.770 19.015 61.774 19.245
75.113 20.626 69.570 21.950
44.485 12.989 42.426 22.719
26.485 7.612 24.739 25.676
8.485 3.162 8.485 0.000
22.485 6.842 20.881 22.719
36.971 10.533 32.249 16.293
55.113 14.925 49.396 19.875
34.828 10.386 34.059 17.926
18.000 5.745 18.000 0.000
18.142 5.745 17.205 103.117
29.657 8.698 28.000 18.832
97.054 26.704 89.889 37.226
22.000 6.904 22.000 0.000
33.456 9.914 31.241 49.423
41.314 11.606 38.000 17.211
31.456 9.034 30.000 39.042
65.941 17.290 56.143 26.925
35.799 9.922 33.106 22.804
43.598 12.526 39.598 33.252
6.828 2.398 6.325 0.000
36.284 10.519 34.409 60.785
46.142 12.908 42.426 15.771
32.627 9.463 30.000 16.807
10.000 3.416 10.000 0.000
22.828 6.974 22.091 18.984
37.456 10.386 34.059 26.686
26.485 7.599 24.739 11.301
81.255 21.461 70.937 22.135
130.426 35.072 118.457 26.622
9.657 3.347 8.944 10070354910243150.000
25.456 8.124 25.456 25476206690103092.000
10.000 3.416 10.000 0.000
57.941 15.466 49.477 33.259
16.142 5.206 15.620 81.253
71.255 18.062 58.138 21.160
38.770 11.952 38.210 301.728
16.000 5.164 16.000 0.000
22.485 6.740 20.881 60.220
21.314 6.164 19.698 14.170
21.314 5.882 18.868 9.436
14.828 4.630 14.142 20.042
12.000 4.000 12.000 0.000
43.799 11.771 38.471 12.092
38.142 10.567 34.525 19.809
43.314 12.296 40.792 16.581
36.485 10.528 34.525 22.152
21.314 6.164 19.698 16.546
32.971 9.023 27.857 13.174
8.828 2.939 8.246 17.926
22.142 6.450 19.799 11.947
27.799 7.717 24.166 13.423
36.284 10.221 34.409 28.862
16.828 5.202 16.125 17.926
10.485 3.666 10.000 53.690
10.000 3.416 10.000 0.000
14.000 4.583 14.000 0.000
42.284 11.155 36.715 12.668
37.657 11.078 36.222 18.984
67.941 18.276 60.166 22.314
39.113 11.325 37.202 30.794
39.657 11.589 38.210 19.336
85.799 24.220 81.216 21.181
28.142 7.938 24.739 28.576
28.627 8.926 27.203 47.600
26.627 7.925 25.456 47.265
45.456 12.032 39.294 30.818
36.284 10.367 34.059 26.878
50.971 14.044 46.174 18.271
6.828 2.398 6.325 0.000
58.627 16.536 54.406 19.352
40.142 11.348 36.497 14.172
34.142 9.714 31.623 21.611
124.912 31.433 103.325 17.933
40.142 11.150 36.497 16.113
61.598 17.106 56.604 32.514
10.485 3.487 10.000 42.446
66.627 17.932 60.729 20.026
42.627 11.676 38.471 17.358
51.113 14.358 47.413 37.092
17.657 5.315 16.492 18.984
12.828 4.061 12.166 20.042
31.314 8.838 28.000 13.545
20.828 6.351 20.100 17.926
18.000 5.745 18.000 0.000
31.456 8.889 29.732 17.288
40.284 11.365 37.736 34.042
30.485 8.938 28.636 24.873
22.971 6.928 21.260 20.455
43.456 12.021 38.419 21.382
23.799 7.116 22.804 93.621
35.799 9.804 33.106 25.730
34.627 10.172 31.113 19.269
40.971 11.430 37.947 27.013
154.426 41.694 142.127 16.165
23.314 6.631 20.000 14.666
76.083 20.670 68.411 33.471
62.770 16.713 55.172 16.824
76.770 21.067 70.937 26.580
10.485 3.487 10.000 42.446
20.971 6.733 20.000 39.655
12.828 4.061 12.166 20.042
39.799 11.085 36.770 18.971
58.770 14.834 43.863 27.830
20.971 6.394 20.000 124.949
39.799 11.160 34.176 46.043
19.657 5.896 18.439 28.482
30.627 8.822 28.844 32.727
33.657 9.864 32.249 18.772
62.142 17.378 58.034 24.271
42.485 12.219 40.447 21.852
46.142 13.068 43.174 20.322
27.456 8.605 26.907 180.034
86.426 22.970 78.435 28.106
18.828 5.800 18.111 20.042
38.284 11.185 36.056 66.675
18.142 5.607 17.205 25.840
38.142 10.480 34.525 23.187
15.314 4.712 14.422 141.045
48.971 13.609 45.607 22.723
50.971 14.075 46.690 24.359
22.828 6.944 22.091 17.926
17.657 5.452 16.492 32.727
53.113 14.384 45.122 16.675
42.485 12.230 40.447 14.274
53.456 14.409 47.413 17.913
9.657 3.200 8.944 10070354910243150.000
8.485 3.162 8.485 0.000
76.426 20.225 66.483 24.628
47.456 13.210 42.942 23.261
55.456 14.974 50.000 29.103
16.828 5.202 16.125 17.926
8.485 3.162 8.485 0.000
10.828 3.543 10.198 20.042
32.627 9.348 30.000 35.542
39.113 10.999 37.202 37.918
23.657 7.069 22.361 14.586
67.255 17.606 60.828 25.108
25.314 7.163 22.361 14.170
6.000 2.236 6.000 0.000
28.971 8.132 26.833 18.715
34.142 9.531 30.463 19.448
53.314 15.073 50.160 18.256
32.284 9.506 31.241 32.733
27.799 7.907 25.456 29.156
29.456 8.807 28.425 134.128
24.971 7.580 23.324 50.977
44.627 11.269 32.802 11.466
16.000 5.164 16.000 0.000
28.142 8.126 25.060 24.303
14.000 4.583 14.000 0.000
20.142 6.070 18.868 17.797
10.485 3.487 10.000 42.446
8.828 2.939 8.246 20.042
101.397 25.054 80.225 22.512
102.225 24.502 78.230 38.049
46.142 12.844 43.174 29.954
57.799 15.795 52.953 26.784
14.000 4.583 14.000 0.000
45.799 12.467 41.231 19.776
67.598 17.367 54.626 16.515
11.314 4.000 11.314 12738103345051544.000
57.456 15.556 53.141 20.742
34.971 9.300 30.000 10.876
10.828 3.496 10.198 17.926
19.799 6.481 19.799 12738103345051544.000
27.799 8.117 26.077 19.545
39.941 11.993 38.210 75.581
50.971 13.948 45.122 14.637
38.284 11.180 35.384 47.549
18.000 5.745 18.000 0.000
21.657 6.464 20.396 18.772
13.314 4.534 12.806 97.419
43.113 12.510 39.598 73.748
49.941 14.077 44.721 28.627
29.314 8.531 27.203 54.625
17.657 5.202 14.422 9.223
14.000 4.583 14.000 0.000
42.770 10.794 32.311 27.654
23.799 7.720 22.804 158.211
23.314 6.813 21.541 15.792
32.142 7.897 24.739 6.059
10.485 3.487 10.000 53.690
16.142 5.111 15.620 49.942
46.770 13.202 44.045 22.064
17.314 5.362 16.125 91.722
33.799 9.088 28.636 17.220
13.657 4.199 12.649 18.631
34.284 9.963 32.558 29.457
19.657 5.703 17.088 8.641
34.971 9.531 29.732 15.232
17.314 5.292 16.125 18.251
9.657 3.098 8.944 10070354910243150.000
14.000 4.583 14.000 0.000
12.828 4.101 12.166 20.042
80.627 22.224 74.967 22.176
8.000 2.828 8.000 0.000
22.142 6.391 20.591 18.485
46.284 11.744 36.715 17.040
22.142 6.576 20.591 19.331
10.485 3.666 10.000 42.446
31.657 9.353 30.265 22.999
54.426 15.633 51.225 32.542
22.485 6.626 20.881 16.197
17.657 5.343 16.492 26.392
30.971 8.047 24.413 11.605
26.485 7.711 24.739 12.797
17.657 5.425 16.492 17.076
10.485 3.666 10.000 53.690
40.142 10.919 32.558 11.049
28.485 8.391 26.683 16.107
48.284 12.985 42.802 19.561
22.485 6.611 20.881 16.108
6.000 2.236 6.000 0.000
11.657 3.543 10.000 18.984
9.657 3.250 8.944 8.161
39.799 11.097 36.770 33.688
34.485 10.006 32.558 18.772
32.627 9.268 30.000 48.660
30.971 8.756 28.636 15.589
38.627 9.938 30.067 19.560
37.113 10.943 35.384 53.566
8.000 2.828 8.000 0.000
78.284 20.974 70.456 20.329
59.598 15.735 48.826 30.124
34.971 9.607 30.000 24.368
14.828 4.630 14.142 20.042
10.485 3.487 10.000 42.446
46.627 12.426 40.000 20.402
31.657 9.347 30.265 18.832
15.657 4.690 14.560 18.984
15.657 4.789 14.560 9.001
45.941 11.397 37.947 12.502
29.799 8.577 26.907 28.998
26.142 7.454 24.166 29.776
23.314 6.847 21.541 20.514
23.314 6.735 19.799 20.028
9.657 2.993 8.000 4.377
31.799 9.264 28.844 32.831
50.971 13.879 45.122 10.304
21.799 6.914 21.260 124.949
24.971 7.323 22.627 44.725
26.627 8.012 25.612 26.626
24.142 7.037 22.361 17.444
16.142 5.391 15.620 163.933
11.657 3.727 10.770 41.233
81.113 21.983 72.250 27.770
22.485 6.611 20.881 22.508
22.485 6.626 20.881 13.017
27.456 8.372 26.907 89.347
40.284 11.460 37.736 37.501
35.456 10.229 33.287 28.678
30.828 9.274 30.067 18.984
51.598 15.378 48.415 49.060
74.912 21.148 69.340 35.626
6.000 2.236 6.000 0.000
39.799 10.971 36.770 26.780
67.740 18.994 64.405 41.333
37.799 10.623 34.000 23.096
36.284 10.236 34.409 26.991
18.142 5.695 17.205 60.746
55.657 16.179 54.000 19.195
38.627 9.615 26.683 10.001
30.000 9.220 30.000 0.000
12.485 4.028 11.662 86.025
27.657 8.113 26.000 18.984
13.314 4.534 12.806 97.419
77.255 19.243 59.464 17.743
32.142 9.234 29.732 23.358
22.971 7.194 21.633 35.031
25.314 7.194 23.409 14.802
8.000 2.828 8.000 0.000
44.142 12.307 40.447 33.044
65.113 18.091 60.166 36.453
20.971 6.607 20.000 119.237
44.284 12.740 39.699 24.434
32.627 9.652 30.000 27.767
25.314 7.526 23.409 25.764
15.657 4.528 13.416 6.634
32.971 9.339 28.425 18.753
30.485 8.814 28.636 14.131
29.799 8.347 27.203 35.093
116.711 31.350 106.677 36.184
22.000 6.904 22.000 0.000
29.799 8.491 26.000 29.541
31.799 8.799 29.530 15.941
48.627 13.659 44.944 22.571
35.941 10.926 35.384 130.661
27.799 8.285 26.077 27.823
44.627 12.659 41.231 30.131
32.971 9.170 30.463 24.237
91.054 25.666 83.546 26.385
48.284 13.573 44.721 45.665
80.770 20.971 69.340 19.792
20.485 6.086 18.974 31.208
31.657 9.266 30.000 19.195
7.657 2.784 7.211 0.000
26.142 7.717 24.166 24.141
28.971 8.173 25.456 26.115
33.456 9.957 31.623 80.546
42.971 11.694 37.363 12.860
30.485 8.784 27.203 14.612
70.770 16.884 48.042 17.859
20.828 6.351 20.100 17.926
18.142 5.695 17.205 60.746
53.113 14.534 48.374 27.659
16.000 5.164 16.000 0.000
30.485 8.760 28.636 24.271
24.142 6.947 22.361 71.906
27.456 8.605 26.907 191.492
35.113 10.295 31.623 20.415
24.485 6.958 22.091 9.471
19.314 5.613 17.889 17.383
30.971 8.590 27.785 16.739
25.799 7.628 24.413 38.259
54.142 15.174 50.359 28.505
62.770 17.735 55.317 22.824
10.828 3.559 10.198 18.984
14.142 4.830 14.142 12738103345051544.000
32.485 9.434 30.594 21.852
25.657 7.581 24.331 28.482
38.971 10.530 34.000 17.769
12.828 4.121 12.166 18.631
16.142 5.111 15.620 46.194
64.770 17.524 59.933 24.596
41.113 11.543 38.833 33.167
26.828 8.123 26.077 18.984
41.113 11.515 38.833 46.423
52.770 14.547 48.415 37.969
53.314 15.075 50.160 14.267
16.000 5.164 16.000 0.000
50.770 14.694 46.690 27.072
28.000 8.641 28.000 0.000
36.142 10.310 33.526 29.291
15.314 4.747 14.422 17.702
33.314 9.513 31.048 21.311
27.314 8.015 25.298 17.873
14.828 4.684 14.142 18.631
14.142 4.830 14.142 12738103345051544.000
10.000 3.416 10.000 0.000
27.657 8.148 26.306 30.639
28.142 8.152 26.000 61.684
24.485 7.331 22.804 46.837
24.485 7.071 22.804 18.984
12.485 4.243 11.662 48.068
27.314 7.671 24.331 15.013
8.485 3.162 8.485 0.000
19.799 6.481 19.799 12738103345051544.000
27.799 7.830 25.456 24.086
46.142 12.865 42.426 16.250
38.142 9.148 26.077 14.510
14.485 4.314 12.806 10.021
26.142 7.392 24.166 18.409
35.799 9.974 31.623 15.595
6.000 2.236 6.000 0.000
24.142 7.004 22.361 23.572
10.828 3.543 10.198 17.926
93.397 25.406 83.355 27.381
24.971 7.350 23.324 22.909
69.941 18.861 62.097 17.874
20.142 6.325 18.868 25.234
23.314 6.999 21.541 16.590
25.799 6.895 20.100 17.612
23.314 6.515 20.000 10.199
12.485 3.902 11.662 13.376
32.627 9.451 30.000 23.452
35.799 10.118 32.249 28.003
35.657 10.410 34.000 18.984
52.627 14.212 46.690 20.215
14.000 4.583 14.000 0.000
15.657 4.789 14.560 11.397
23.799 6.838 20.591 47.602
8.828 2.939 8.246 17.926
98.225 26.800 88.814 26.586
39.941 11.618 38.419 119.442
58.770 16.496 54.589 35.601
77.255 20.393 64.498 29.718
14.000 4.583 14.000 0.000
35.314 9.952 32.249 18.053
22.485 6.454 20.100 12.802
8.828 2.939 8.246 20.042
22.971 6.699 21.260 38.399
34.627 9.145 29.120 21.722
46.770 13.870 44.407 39.533
25.799 7.645 24.083 24.421
40.284 11.109 37.736 47.222
20.971 6.309 20.000 18.666
71.255 19.862 65.513 29.892
6.828 2.398 6.325 0.000
74.083 19.719 59.093 33.166
13.657 4.121 12.000 18.631
24.971 7.037 21.541 12.489
152.368 34.870 118.186 16.200
48.770 13.649 45.607 30.966
23.314 6.876 21.541 38.157
13.314 4.346 12.806 42.446
9.657 3.200 8.944 10070354910243150.000
27.657 8.124 26.000 18.832
41.456 12.037 35.777 19.932
34.971 9.879 31.305 16.999
26.971 7.271 20.881 11.551
7.657 2.784 7.211 0.000
77.740 20.961 71.218 25.210
20.971 6.309 20.000 18.666
53.941 14.903 48.415 16.876
47.113 13.340 43.909 27.522
19.314 5.666 17.889 14.170
18.142 6.000 17.205 103.117
6.000 2.236 6.000 0.000
16.485 5.044 15.232 35.130
39.657 11.603 38.210 41.233
22.142 6.636 20.591 68.904
43.456 12.351 40.249 30.280
16.000 5.164 16.000 0.000
20.142 6.182 18.868 75.287
35.456 9.903 33.287 60.178
34.971 9.682 29.732 15.744
66.142 18.527 62.032 16.396
32.142 8.946 26.907 21.494
33.657 9.868 32.249 19.195
14.828 4.630 14.142 17.926
18.485 5.479 17.088 24.271
14.142 4.830 14.142 12738103345051544.000
16.485 5.099 15.232 10070354910243150.000
24.485 7.165 22.804 16.197
14.828 4.630 14.142 17.926
27.799 8.451 25.456 43.544
38.971 11.190 36.056 28.668
48.627 12.768 40.050 22.070
13.657 4.257 12.649 28.482
36.971 10.357 34.176 18.864
11.657 3.742 10.770 9.001
24.971 7.354 23.324 23.726
50.770 14.830 47.707 58.921
91.255 24.830 83.259 30.462
32.971 9.358 29.120 17.428
6.828 2.398 6.325 0.000
12.000 4.000 12.000 0.000
20.828 6.182 18.439 5.009
30.627 9.398 28.844 72.981
16.971 5.657 16.971 8492068896701029.000
14.828 4.630 14.142 17.926
30.971 8.539 27.203 17.086
48.770 12.726 43.909 22.538
37.456 10.743 34.409 32.615
22.627 7.303 22.627 12738103345051544.000
48.971 13.429 44.000 18.023
8.485 3.162 8.485 0.000
15.314 4.712 14.422 141.045
38.627 10.536 35.777 21.683
18.828 5.776 18.111 20.042
15.657 4.796 14.560 30.639
56.284 14.897 48.166 18.850
67.255 17.554 55.462 21.102
31.799 9.512 28.844 36.425
48.284 13.685 43.081 15.818
14.828 4.664 14.142 20.042
20.485 5.896 18.111 12.802
16.485 5.000 15.232 15.726
45.113 12.812 42.190 62.670
18.971 6.240 18.439 219.051
32.142 8.868 28.071 11.045
27.314 7.705 25.298 16.472
67.314 19.152 64.498 18.887
26.828 8.093 26.077 20.042
43.799 12.141 40.497 29.306
44.142 12.343 41.231 23.448
21.657 6.397 20.000 18.984
34.627 9.946 32.249 42.094
15.657 4.770 14.560 18.984
51.113 14.584 47.413 111.711
26.971 7.760 25.060 23.105
12.828 4.061 12.166 17.926
41.113 11.721 38.833 38.909
62.284 16.584 54.148 17.317
37.799 10.478 34.000 25.841
37.657 11.016 36.222 18.772
18.971 6.240 18.439 207.582
21.314 6.003 18.000 9.128
13.314 4.534 12.806 108.814
24.971 7.140 23.324 21.787
47.941 12.931 43.863 23.254
17.314 5.099 16.125 10.199
39.598 12.220 39.598 25476206690103096.000
25.657 7.571 24.331 9.001
13.657 4.101 12.000 18.984
30.284 9.250 29.732 103.117
113.882 30.289 104.709 39.420
30.627 8.992 28.844 31.906
47.941 13.644 44.045 44.210
21.657 6.454 20.396 30.639
13.657 4.257 12.649 30.639
25.314 7.331 23.409 36.262
32.485 9.301 30.067 18.984
46.971 12.870 42.190 24.120
10.000 3.416 10.000 0.000
49.799 13.817 45.122 17.241
34.142 9.377 30.594 17.645
40.971 11.169 35.440 19.770
19.657 5.936 18.439 19.336
32.284 9.928 31.241 90.963
28.142 8.015 26.000 29.992
11.657 3.727 10.770 41.233
37.799 10.556 34.928 27.489
17.314 5.333 16.125 173.175
36.142 10.034 32.311 12.564
70.426 19.162 62.290 24.008
38.485 11.075 36.056 27.229
16.142 5.206 15.620 81.253
28.142 8.213 26.000 17.098
42.627 11.749 36.770 16.301
20.142 6.254 18.868 24.692
34.284 10.507 32.558 170.852
26.142 7.454 24.166 33.044
8.828 2.993 8.246 17.926
49.941 12.035 37.736 18.319
24.485 7.116 22.091 27.660
36.627 10.203 34.000 27.842
36.627 10.233 33.287 16.456
17.657 5.249 16.492 18.984
15.314 4.536 12.649 9.228
39.314 11.023 36.000 21.852
18.971 5.953 18.439 64.520
47.456 12.665 41.037 20.531
14.000 4.583 14.000 0.000
23.657 7.063 22.361 19.336
23.799 7.071 22.804 69.909
22.627 7.303 22.627 12738103345051544.000
25.314 7.250 23.409 17.797
25.314 7.209 23.409 16.546
17.314 5.385 16.125 24.321
10.000 3.416 10.000 0.000
34.284 9.117 27.203 14.538
25.314 7.318 23.409 17.571
32.485 9.404 30.594 21.852
54.426 12.837 32.985 19.391
14.485 4.371 13.416 11.301
34.971 9.701 29.732 17.884
6.000 2.236 6.000 0.000
24.485 7.130 20.591 13.755
68.770 16.924 54.332 24.356
34.627 9.324 29.120 16.392
15.314 4.238 11.662 16.652
30.971 8.415 27.203 25.157
