2543.47
1648.34
2595.63
309.29
10473.47
1151.05
2014.64
1317.22
1106.17
190.43
5228.85
1937.02
2519.21
235.30
374.79
183.15
425.73
1285.68
6103.36
47.30
76.41
390.56
181.94
132.21
3388.87
73.99
7288.37
479.10
773.84
981.24
1001.86
183.15
1117.09
9.70
15.77
90.97
329.91
2232.97
580.98
6066.97
1349.97
3736.97
3584.15
429.37
80702.13
43.66
32.75
1699.29
49.73
1183.80
141.91
209.83
43.66
493.65
570.07
8.49
78.84
166.17
23.05
157.68
1449.43
2269.35
1712.63
545.81
135.85
33.96
35.17
13.34
376.00
123.72
946.07
354.17
2696.30
1161.97
268.05
794.46
961.84
332.34
112.80
561.58
2172.32
18.19
37.60
48.52
536.11
2926.75
8.49
378.43
2208.71
59.43
3878.88
971.54
8.49
333.55
781.11
3703.01
278.97
154.04
107.95
407.54
1121.94
7577.04
1624.09
3546.55
27.90
1245.66
84.90
80.05
2858.83
41.24
1523.41
6626.12
9.70
211.05
32.75
8677.15
226.81
14.55
246.22
1955.21
40.03
21.83
554.30
2368.81
3675.11
50.94
218.32
60.65
214.68
1063.72
2165.04
2160.19
1781.76
52.16
64.28
646.48
992.16
724.11
21.83
6707.39
2259.65
293.52
527.62
3686.03
334.76
1096.47
134.63
206.19
124.93
704.70
16.98
90.97
173.45
104.31
203.77
11590.56
86.12
9.70
28937.59
24.26
49.73
255.92
154.04
587.05
2083.78
10.92
260.78
78.84
120.08
1005.50
173.45
1043.10
282.61
43.66
2405.20
4707.30
78.84
844.18
30.32
208.62
234.09
43.66
43.66
215.90
560.36
124.93
195.28
483.95
2675.68
644.05
123.72
959.41
116.44
104.31
1301.45
799.31
941.22
146.76
3091.71
642.84
28001.22
19.41
10.92
329.91
1466.41
319.00
2044.96
1015.21
1635.00
5311.33
298.38
9.70
2739.96
94.61
65.50
1176.52
6.06
1799.96
411.18
1775.70
1322.07
1478.54
105.52
428.16
18.19
21.83
311.72
442.71
629.50
419.67
469.40
1881.22
20.62
7198.62
31.54
3096.56
8215.03
46.09
25.47
8065.85
1294.17
97.03
440.29
252.29
309.29
3641.15
287.46
73.99
7842.67
1747.80
292.31
3205.72
2275.42
57.01
1069.79
21.83
678.02
8435.78
379.64
3481.05
9421.88
884.21
730.17
140.70
155.25
720.47
27.90
140.70
31.54
3763.66
143.12
676.80
178.30
10.92
186.79
426.94
196.49
54.58
278.97
1972.19
436.65
240.16
331.12
10808.23
23.05
7084.60
19.41
2977.69
1394.85
1373.01
1307.52
50.94
4197.88
1343.90
2857.61
6.06
875.72
6167.64
8644.40
8010.05
889.06
847.82
1421.53
37.60
3785.49
23.05
1291.75
1883.65
1782.98
7163.44
1855.75
1746.59
236.52
1137.71
26.68
1153.48
13379.60
3665.41
26.68
13.34
1371.80
770.20
1529.48
1272.34
157.68
218.32
53.37
754.43
18.19
590.69
590.69
21.83
36.39
303.23
166.17
32.75
93.39
168.59
395.41
550.66
50.94
229.24
