1782.98
2892.79
1495.52
1966.13
306.87
8005.20
670.74
1456.70
925.45
910.89
946.07
3518.65
114.01
1493.09
52.16
98.25
1072.21
1222.61
289.89
293.52
2931.60
4182.11
283.82
12.13
5812.26
164.96
727.75
137.06
60.65
295.95
698.64
36.39
343.25
2787.27
2870.96
49666.21
389.34
1906.69
5061.47
1504.01
631.93
65.50
303.23
40.03
66.71
516.70
65.50
1440.94
1387.57
342.04
2611.39
10.92
2664.76
7.28
33.96
449.99
591.90
37.60
585.84
414.81
27.90
1964.91
23.05
416.03
1939.44
3238.47
1823.00
38.81
3011.65
297.16
255.92
83.69
47.30
232.88
533.68
5395.02
53.37
60.65
1470.05
214.68
929.09
202.56
2417.33
29.11
1601.04
1785.40
1027.33
3008.01
52.16
32.75
43.66
33.96
1594.98
817.50
576.13
1294.17
23.05
385.71
606.45
3766.08
417.24
1571.93
145.55
248.65
161.32
363.87
72.77
800.52
36.39
8538.88
18.19
18160.89
13.34
171.02
32.75
18.19
90.97
93.39
173.45
32.75
41.24
89.76
63.07
14415.43
38.81
19.41
8.49
180.72
147.97
59.43
1528.27
46.09
8.49
1392.42
1274.77
7.28
7.28
9.70
59.43
252.29
23.05
532.47
464.54
590.69
10980.47
7.28
99.46
7.28
538.53
7191.34
6.06
46.09
78.84
1621.66
1199.57
1954.00
8.49
1274.77
12.13
12.13
7235.00
3996.54
344.47
2622.31
287.46
95.82
10.92
30.32
332.34
6735.28
12.13
49.73
1136.50
8458.83
354.17
426.94
3536.84
97.03
463.33
752.00
765.35
1626.51
499.72
8.49
5590.30
332.34
5943.26
4298.55
679.23
1034.61
1200.78
1117.09
13.34
3444.66
1443.36
5916.57
1016.42
1104.96
90.97
19.41
14254.11
3641.15
548.23
1303.88
309.29
1506.43
1141.35
607.67
126.14
185.58
48.52
844.18
18.19
435.43
594.33
23.05
302.01
37.60
179.51
24.26
88.54
167.38
382.07
551.87
48.52
212.26
