2713.28
869.66
231.67
276.54
107.95
55.79
511.85
699.85
6.06
6.06
1459.13
204.98
1331.77
29.11
215.90
536.11
196.49
805.37
293.52
265.63
10.92
195.28
109.16
36.39
674.38
867.23
99.46
8.49
58.22
42.45
12.13
10.92
101.88
16.98
196.49
1353.61
71.56
588.26
302.01
59.43
29.11
71.56
11055.67
37.60
25.47
103.10
7.28
192.85
104.31
10.92
12608.19
431.80
8.49
23.05
23.05
209.83
6.06
55.79
1291.75
16.98
451.20
733.81
10.92
788.39
1460.34
452.42
80.05
2721.77
7.28
35.17
7.28
90.97
309.29
6930.56
1079.49
3574.44
151.61
378.43
5436.26
360.23
3986.83
81.26
788.39
1112.24
14186.19
116.44
768.98
340.83
605.24
914.53
6.06
105.52
591.90
23.05
30.32
298.38
186.79
55.79
14.55
83.69
168.59
368.72
555.51
48.52
200.13
