2105.61
1160.75
1929.74
359.02
8787.53
1111.02
2168.68
1084.34
847.82
146.76
2231.75
277.76
23.05
157.68
21.83
1286.90
669.53
3123.24
699.85
27.90
7.28
235.30
144.34
921.81
306.87
25.47
24.26
6.06
10.92
498.51
544.60
334.76
867.23
4371.32
6.06
354.17
19.41
6907.52
2397.92
433.01
15.77
139.48
46.09
1930.95
368.72
81.26
44.88
509.42
704.70
937.58
132.21
439.07
970.33
846.61
14.55
32.75
7.28
100.67
469.40
127.36
20.62
265.63
92.18
944.86
1237.17
4807.97
30.32
2453.72
2501.02
371.15
1194.72
1185.01
81.26
252.29
123.72
311.72
174.66
348.10
593.11
224.39
537.32
72.77
134.63
749.58
24.26
873.29
47.30
400.26
128.57
1024.91
95.82
173.45
46989.32
64.28
2098.33
9.70
754.43
31.54
19.41
86.12
66.71
202.56
77.63
191.64
38.81
1491.88
1454.28
606.45
26.68
215.90
23.05
237.73
46.09
910.89
16.98
155.25
188.00
10.92
989.73
436.65
46.09
1091.62
92.18
1259.00
10.92
582.20
32.75
667.10
25.47
856.31
86.12
299.59
1237.17
351.74
234.09
8.49
240.16
63.07
206.19
323.85
50.94
270.48
1157.12
230.45
1705.35
1482.18
23.05
908.47
768.98
16.98
246.22
24.26
828.42
117.65
111.59
595.54
8.49
12.13
46.09
123.72
133.42
177.08
373.58
31.54
20.62
422.09
10.92
323.85
2440.37
80.05
92.18
1923.67
112.80
10.92
30.32
593.11
423.31
3008.01
220.75
6595.80
531.25
7.28
8.49
266.84
43.66
3242.11
321.42
1357.25
67.92
2083.78
2568.94
90.97
930.30
103.10
41.24
147.97
1257.79
4368.90
70.35
49.73
8.49
63.07
237.73
134.63
5536.93
268.05
30.32
49.73
314.14
21.83
246.22
190.43
98.25
236.52
1839.98
6.06
9.70
1291.75
21.83
38.81
397.83
90.97
145.55
424.52
57.01
298.38
168.59
1227.46
217.11
64.28
2150.49
235.30
283.82
2531.34
302.01
7.28
42.45
209.83
382.07
2095.91
44.88
675.59
206.19
1915.18
515.49
331.12
1745.38
8.49
574.92
31.54
627.07
760.49
4064.46
99.46
8.49
4210.01
55.79
533.68
72.77
1459.13
326.27
107.95
40.03
1698.07
173.45
220.75
35.17
680.44
23.05
191.64
15.77
171.02
15.77
1773.27
38.81
423.31
35.17
776.26
230.45
525.19
325.06
25.47
110.37
2881.87
55.79
92.18
76.41
155.25
202.56
893.91
120.08
41.24
38.81
41.24
6.06
223.18
1198.35
287.46
65.50
282.61
431.80
237.73
168.59
162.53
14.55
828.42
78.84
269.27
63.07
40.03
6.06
8.49
280.18
93.39
630.71
5089.37
107.95
441.50
684.08
78.84
95.82
24.26
261.99
8.49
22581.94
67.92
255.92
31.54
33.96
47.30
116.44
316.57
508.21
145.55
559.15
7.28
10.92
206.19
30.32
43.66
2302.10
6.06
86.12
80.05
8.49
89.76
89.76
167.38
579.77
168.59
30.32
2195.37
272.90
947.28
525.19
2658.70
9.70
46.09
120.08
24.26
13.34
7.28
6.06
95.82
238.94
161.32
73.99
124.93
15.77
8.49
177.08
41.24
49.73
499.72
20.62
18.19
33.96
37.60
412.39
7.28
46.09
98.25
13.34
29.11
23.05
1259.00
132.21
463.33
346.89
97.03
2974.05
269.27
361.45
64.28
35.17
70.35
172.23
545.81
132.21
531.25
982.46
15.77
137.06
1343.90
201.34
63.07
44.88
184.36
213.47
504.57
526.40
211.05
36.39
260.78
10.92
174.66
591.90
1118.30
95.82
16.98
1089.19
116.44
166.17
138.27
13.34
281.39
149.19
1011.57
167.38
701.06
1500.37
884.21
1587.70
31.54
86.12
20.62
101.88
88.54
15742.35
12.13
270.48
844.18
3112.33
23.05
127.36
114.01
59.43
338.40
2638.08
124.93
10.92
13.34
475.46
333.55
7.28
61.86
43.66
12.13
24.26
98.25
7.28
9.70
98.25
431.80
464.54
38.81
72.77
10.92
7.28
1228.68
40.03
234.09
6.06
14.55
515.49
440.29
43.66
1414.25
99.46
1212.91
249.86
869.66
321.42
845.40
32.75
150.40
1523.41
627.07
10.92
7.28
1340.26
16.98
8.49
6.06
7.28
429.37
103.10
430.58
955.77
27.90
14.55
1923.67
36.39
23.05
2397.92
5764.96
212.26
156.47
490.02
440.29
6375.05
5386.53
157.68
998.22
48.52
718.04
9.70
19.41
268.05
377.21
167.38
10.92
47.30
1305.09
61.86
44.88
1666.54
1457.92
33.96
7043.36
25.47
815.08
114.01
184.36
503.36
48.52
112.80
3026.21
12.13
189.21
650.12
23.05
138.27
983.67
3333.07
16.98
31.54
3835.22
54.58
9.70
505.78
21.83
134.63
49.73
454.84
6424.78
105.52
1157.12
18.19
392.98
9.70
30.32
1693.22
314.14
9.70
155.25
400.26
8.49
568.85
47.30
1294.17
20.62
486.38
6.06
562.79
55.79
31.54
50.94
287.46
156.47
64.28
147.97
9.70
104.31
204.98
20.62
181.94
571.28
602.82
157.68
196.49
44.88
431.80
8.49
7.28
15.77
60.65
3061.38
276.54
351.74
80.05
71.56
6.06
128.57
2097.12
720.47
19.41
109.16
833.27
104.31
78.84
26.68
93.39
26.68
420.88
463.33
67.92
1554.95
7266.54
265.63
8172.58
4414.99
207.41
853.89
399.05
7.28
1633.79
3025.00
6.06
1308.73
167.38
127.36
43.66
55.79
83.69
889.06
38.81
884.21
275.33
6564.26
4724.28
12.13
675.59
33.96
3819.45
121.29
7.28
37.60
83.69
211.05
10.92
437.86
35.17
111.59
12.13
1277.19
949.71
1115.88
2093.48
2732.68
764.13
359.02
54.58
816.29
4832.23
122.50
1804.81
499.72
129.78
1172.88
123.72
1086.77
3482.26
12.13
21.83
24.26
1413.04
10394.63
98.25
50.94
1520.99
32.75
1391.21
42.45
1084.34
748.36
100.67
201.34
24.26
220.75
151.61
795.67
24.26
850.25
26.68
583.41
21.83
36.39
303.23
166.17
32.75
93.39
168.59
395.41
550.66
50.94
229.24
