2299.68
2149.28
1838.77
1846.05
394.20
8086.47
589.47
1305.09
1085.55
990.95
1240.81
268.05
13.34
37.60
32.75
2116.53
86.12
407.54
1107.39
479.10
948.50
328.70
8.49
1574.36
24.26
72.77
1670.18
42.45
633.14
5745.55
94.61
54.58
261.99
9.70
298.38
261.99
601.60
488.80
25.47
1972.19
642.84
1140.13
202.56
5819.54
12.13
42.45
55.79
684.08
1394.85
902.40
6.06
9.70
369.94
111.59
1130.43
385.71
99.46
121.29
2208.71
57.01
834.48
65.50
1069.79
6.06
5050.55
2741.17
3082.00
399.05
351.74
368.72
150.40
24.26
145.55
106.74
2319.08
303.23
14.55
1128.01
29.11
240.16
895.13
309.29
479.10
111.59
120.08
559.15
958.20
60.65
23.05
315.36
7.28
287.46
385.71
1117.09
164.96
168.59
6.06
82.48
8.49
112.80
63.07
94.61
1249.30
6.06
198.92
424.52
42503.98
419.67
78.84
1826.64
1134.07
1062.51
274.12
77.63
24.26
77.63
720.47
18.19
31.54
810.22
151.61
760.49
209.83
107.95
811.44
20.62
238.94
585.84
354.17
1621.66
6.06
220.75
268.05
449.99
834.48
670.74
1016.42
8.49
392.98
124.93
191.64
319.00
1389.99
64.28
1610.74
253.50
1979.47
713.19
859.95
1249.30
24.26
42.45
25.47
308.08
224.39
73.99
100.67
276.54
26.68
406.32
7.28
121.29
15.77
30.32
617.37
360.23
7.28
64.28
595.54
24.26
314.14
35.17
1194.72
19.41
4131.17
2619.88
12.13
458.48
4359.20
1559.80
271.69
725.32
40.03
604.03
14.55
2604.12
127.36
3006.80
768.98
770.20
49.73
44.88
211.05
1154.69
116.44
4390.73
27.90
1104.96
77.63
9.70
6.06
392.98
19.41
278.97
7.28
83.69
5475.07
573.71
10.92
88.54
536.11
48.52
40.03
164.96
253.50
240.16
207.41
61.86
100.67
1077.06
87.33
37.60
2225.69
494.87
67.92
15.77
23.05
173.45
66.71
248.65
479.10
231.67
152.83
2320.30
2310.59
331.12
487.59
611.31
2111.67
6.06
82.48
8.49
883.00
224.39
1928.53
889.06
61.86
1490.67
200.13
363.87
4643.02
144.34
667.10
713.19
53.37
553.09
1345.12
3210.57
7.28
83.69
403.90
557.94
107.95
2182.02
212.26
306.87
156.47
179.51
671.95
122.50
3316.09
26.68
137.06
1323.28
167.38
8.49
428.16
492.44
6.06
6.06
492.44
181.94
728.96
24.26
84.90
6.06
58.22
783.54
23.05
390.56
272.90
29.11
59.43
8.49
245.01
488.80
21.83
1043.10
188.00
748.36
460.91
223.18
452.42
13.34
185.58
196.49
1028.55
215.90
10.92
403.90
36.39
201.34
141.91
8130.13
293.52
8.49
446.35
161.32
21.83
49.73
36.39
896.34
532.47
111.59
19104.53
231.67
189.21
40.03
47.30
6.06
99.46
406.32
86.12
19.41
115.23
133.42
82.48
321.42
554.30
147.97
41.24
173.45
90.97
567.64
30.32
8.49
359.02
927.88
87.33
742.30
123.72
247.43
1052.81
27.90
221.96
720.47
80.05
1865.45
16.98
21.83
319.00
8.49
2166.26
383.28
9.70
77.63
16.98
188.00
16.98
14.55
14.55
7.28
21.83
6.06
55.79
13.34
212.26
7.28
380.85
183.15
12.13
40.03
1151.05
21.83
24.26
486.38
337.19
1052.81
583.41
1040.68
8.49
41.24
44.88
44.88
572.49
18.19
25.47
114.01
704.70
92.18
1191.08
540.96
1239.59
263.20
33.96
7.28
50.94
271.69
64.28
1577.99
294.74
146.76
220.75
299.59
739.87
66.71
46.09
6.06
470.61
12.13
200.13
6.06
173.45
1194.72
874.51
9.70
527.62
15.77
230.45
981.24
1533.12
990.95
264.41
8.49
43.66
1044.31
31.54
139.48
14545.21
3906.78
40.03
156.47
73.99
7.28
372.36
14.55
43.66
13.34
218.32
103.10
35.17
55.79
6.06
289.89
861.17
213.47
48.52
13.34
196.49
50.94
173.45
27.90
1147.41
37.60
9.70
99.46
26.68
371.15
14.55
9.70
401.47
547.02
1306.30
50.94
152.83
112.80
331.12
465.76
272.90
561.58
41.24
718.04
1154.69
86.12
653.76
6.06
25.47
1796.32
1530.69
16.98
261.99
1455.49
18.19
8.49
20.62
16.98
942.43
171.02
25.47
266.84
10.92
345.68
49.73
10.92
391.77
2280.27
903.62
156.47
266.84
180.72
3966.21
147.97
7446.05
60.65
646.48
36.39
7.28
6166.43
78.84
132.21
31.54
359.02
13.34
525.19
146.76
14.55
395.41
23.05
158.89
3992.90
40.03
7.28
858.74
32.75
26.68
105.52
21.83
1568.29
6033.01
537.32
30.32
143.12
481.52
53.37
3025.00
2074.07
14.55
42.45
1639.85
224.39
75.20
517.91
2952.22
195.28
223.18
5186.40
523.98
49.73
445.14
496.08
25.47
392.98
479.10
71.56
539.74
13.34
12.13
88.54
36.39
1534.33
7.28
40.03
847.82
238.94
7.28
157.68
76.41
6.06
67.92
204.98
75.20
23.05
732.60
565.22
2610.18
106.74
238.94
63.07
133.42
197.70
8.49
189.21
168.59
9.70
24.26
699.85
137.06
8.49
30.32
30.32
9.70
1026.12
172.23
243.79
14.55
19.41
343.25
500.93
3801.26
333.55
7.28
8307.22
1474.90
137.06
1445.79
6366.56
492.44
466.97
2241.46
1821.79
322.63
20.62
642.84
1033.40
1478.54
168.59
910.89
32.75
158.89
31.54
78.84
10.92
82.48
5049.34
31.54
5409.58
321.42
954.56
747.15
756.86
129.78
6.06
41.24
4160.28
9.70
48.52
43.66
448.78
1846.05
30.32
160.10
978.82
1759.93
1417.89
480.31
52.16
903.62
514.27
198.92
4418.63
2750.88
93.39
742.30
1499.16
6.06
637.99
93.39
84.90
18.19
782.33
3283.35
257.14
154.04
8934.29
208.62
58.22
771.41
76.41
1571.93
885.42
1017.63
23.05
1214.12
8.49
162.53
6.06
320.21
16.98
249.86
166.17
83.69
7.28
716.83
6.06
704.70
591.90
23.05
302.01
37.60
179.51
24.26
88.54
167.38
382.07
551.87
48.52
212.26
