2083.78
1968.55
1564.65
1865.45
298.38
6172.50
219.54
1752.65
768.98
943.64
1128.01
12.13
101.88
167.38
252.29
42.45
1365.74
453.63
1573.14
1066.15
14.55
451.20
118.87
10.92
289.89
115.23
77.63
23.05
43.66
95.82
3542.91
804.16
3722.42
408.75
473.03
7.28
25.47
48.52
449.99
246.22
140.70
70.35
19.41
1089.19
332.34
424.52
25.47
42.45
101.88
517.91
5307.69
8.49
588.26
887.85
49.73
175.87
924.24
54.58
133.42
27.90
29.11
2331.21
226.81
339.61
174.66
59.43
787.18
1060.08
229.24
4315.53
7.28
319.00
367.51
12.13
2112.89
19.41
508.21
215.90
395.41
86.12
3183.89
1282.05
155.25
893.91
161.32
128.57
64.28
663.46
653.76
1388.78
71.56
99.46
360.23
1364.52
168.59
282.61
10.92
116.44
835.69
98.25
6.06
37041.04
19.41
265.63
1814.51
1123.15
50.94
71.56
163.74
130.99
288.67
72.77
200.13
6.06
31.54
824.78
50.94
719.26
207.41
30.32
433.01
20.62
800.52
363.87
8.49
845.40
83.69
208.62
20.62
298.38
19.41
508.21
111.59
32.75
173.45
584.62
967.90
129.78
303.23
6.06
363.87
331.12
314.14
128.57
948.50
196.49
92.18
1389.99
692.57
32.75
1043.10
1983.11
1208.06
6.06
65.50
8.49
6.06
32.75
1257.79
225.60
52.16
94.61
123.72
71.56
24.26
117.65
703.49
2581.07
10.92
1240.81
35.17
143.12
5230.06
414.81
16.98
16.98
7.28
8.49
110.37
547.02
1453.07
54.58
200.13
6.06
4037.77
480.31
424.52
127.36
433.01
2601.69
118.87
13.34
618.58
10.92
16.98
12.13
137.06
208.62
70.35
111.59
633.14
7.28
152.83
3374.31
7.28
63.07
1195.93
1021.27
1374.23
19.41
20.62
12.13
171.02
112.80
887.85
29.11
10.92
7.28
344.47
63.07
30.32
5600.00
124.93
143.12
78.84
315.36
36.39
6.06
6.06
223.18
14.55
285.03
6.06
1188.65
65.50
8.49
10.92
426.94
84.90
46.09
82.48
33.96
2921.90
196.49
223.18
16.98
163.74
1887.29
844.18
2208.71
25.47
1803.60
608.88
70.35
652.55
768.98
75.20
339.61
1476.11
118.87
171.02
986.10
339.61
1373.01
316.57
1577.99
67.92
184.36
70.35
764.13
41.24
845.40
15.77
33.96
3564.74
19.41
63.07
460.91
597.96
254.71
771.41
49.73
476.67
2027.98
373.58
94.61
16.98
30.32
3146.29
841.76
156.47
16.98
230.45
7.28
258.35
435.43
976.39
26.68
580.98
457.27
99.46
75.20
4296.12
20.62
242.58
234.09
690.15
365.09
40.03
651.33
37.60
271.69
179.51
8.49
18.19
331.12
75.20
15.77
765.35
338.40
285.03
9.70
47.30
920.60
1250.51
10.92
6.06
613.73
384.49
10.92
60.65
930.30
474.25
7072.47
204.98
8.49
154.04
25.47
240.16
15712.03
218.32
8.49
81.26
207.41
212.26
1046.74
21.83
405.11
311.72
9.70
52.16
499.72
59.43
372.36
127.36
195.28
6.06
46.09
84.90
184.36
19.41
47.30
12.13
605.24
53.37
12.13
1655.62
294.74
1027.33
66.71
23.05
10.92
207.41
24.26
47.30
44.88
9.70
6.06
197.70
568.85
47.30
1205.63
2544.68
2134.72
71.56
43.66
40.03
365.09
13.34
12.13
360.23
23.05
110.37
1022.48
758.07
25.47
30.32
55.79
709.55
76.41
147.97
21.83
6.06
25.47
26.68
2465.84
14.55
2070.44
9.70
36.39
41.24
272.90
496.08
7.28
143.12
573.71
7.28
25.47
1238.38
9.70
6.06
83.69
270.48
18.19
6.06
840.55
10.92
12.13
264.41
9.70
121.29
10.92
247.43
20.62
312.93
1129.22
41.24
103.10
1268.70
214.68
436.65
9.70
20.62
291.10
1123.15
71.56
26.68
58.22
259.56
8.49
749.58
7.28
802.95
2877.02
38.81
1114.66
366.30
40.03
6.06
135.85
650.12
19.41
12984.19
1273.55
19.41
714.40
140.70
61.86
9.70
21.83
81.26
196.49
13.34
357.81
123.72
6.06
138.27
46.09
503.36
48.52
7.28
9.70
41.24
270.48
71.56
6.06
325.06
89.76
1973.40
8.49
469.40
653.76
19.41
9.70
611.31
395.41
121.29
1208.06
794.46
382.07
6.06
35.17
16.98
721.68
10.92
2014.64
3018.93
59.43
57.01
192.85
76.41
23.05
1245.66
189.21
549.45
309.29
225.60
71.56
695.00
1391.21
827.20
16.98
189.21
412.39
36.39
88.54
29.11
65.50
673.16
10.92
183.15
7249.56
457.27
25.47
5265.24
2624.74
363.87
528.83
2272.99
255.92
26.68
26.68
104.31
14.55
644.05
18.19
226.81
14.55
54.58
1171.67
7.28
133.42
21.83
140.70
40.03
95.82
43.66
13.34
420.88
112.80
613.73
6.06
1047.95
275.33
41.24
65.50
114.01
78.84
4048.69
1620.45
536.11
6.06
135.85
6.06
3521.08
2365.17
6144.60
25.47
1414.25
133.42
30.32
382.07
479.10
9.70
452.42
352.96
426.94
366.30
35.17
585.84
25.47
35.17
25.47
35.17
70.35
646.48
163.74
844.18
556.73
428.16
8.49
1280.83
327.49
129.78
280.18
9.70
173.45
15.77
13.34
1094.04
20.62
27.90
181.94
16.98
23.05
6245.27
30.32
44.88
9532.25
122.50
2690.23
110.37
52.16
133.42
328.70
44.88
989.73
6.06
4059.61
140.70
57.01
350.53
9.70
322.63
2165.04
1533.12
54.58
87.33
1192.29
211.05
30.32
7.28
71.56
702.27
229.24
97.03
98.25
166.17
1041.89
5636.39
90.97
824.78
37.60
789.60
351.74
4294.91
736.24
611.31
162.53
66.71
172.23
9.70
309.29
55.79
343.25
55.79
443.92
2513.15
151.61
570.07
30.32
3176.61
52.16
30.32
12.13
1437.30
1495.52
186.79
1075.85
201.34
557.94
2510.72
944.86
294.74
134.63
3243.32
428.16
547.02
137.06
7.28
3498.03
167.38
886.64
1516.14
1010.35
36.39
9030.11
386.92
1605.89
18.19
981.24
642.84
129.78
213.47
15.77
164.96
58.22
217.11
14.55
856.31
807.80
599.18
23.05
30.32
298.38
186.79
14.55
83.69
168.59
368.72
555.51
48.52
200.13
