217.49
3159.27
1264.85
165.98
5757.65
1837.18
40.06
1573.91
200.32
160.25
555.16
45.79
68.68
721.14
829.88
646.73
62.96
9197.36
3462.60
40.06
692.52
2712.85
3096.31
217.49
125.91
6129.67
297.61
51.51
955.79
51.51
824.16
137.36
406.36
74.40
51.51
600.95
7068.29
211.76
97.30
938.62
62.96
486.48
91.57
160.25
343.40
692.52
171.70
2541.15
320.51
2667.06
34.34
578.05
446.42
4321.10
349.12
6450.17
2398.07
457.86
4143.68
526.54
11698.45
4927.77
15395.71
3142.10
1373.59
1699.82
5540.17
165.98
155754.22
492.20
103.02
217.49
40.06
784.09
1808.57
234.66
143.08
1179.00
257.55
3674.37
34.34
165.98
269.00
286.17
1665.48
4624.44
240.38
297.61
4017.77
28.62
389.19
103.02
45.79
74.40
103.02
297.61
217.49
1001.58
526.54
30173.30
658.18
211.76
5585.95
1825.74
1407.93
40.06
583.78
188.87
62.96
80.13
394.91
463.59
45.79
2243.54
34.34
2918.89
3954.81
194.59
6919.48
7783.70
801.26
4395.50
2655.62
5042.24
492.20
137.36
457.86
841.33
423.53
1831.46
240.38
4887.71
2003.16
1087.43
1276.30
703.97
286.17
28.62
97.30
14302.56
5786.27
18148.62
80.13
560.88
2730.02
967.24
297.61
19350.52
1030.20
6289.92
194.59
606.67
389.19
6015.20
5860.67
11120.40
589.50
5460.04
1728.44
2340.83
5889.29
8619.31
11137.57
137.36
51.51
681.07
1562.46
45.79
165.98
274.72
1390.76
389.19
6759.23
91.57
635.29
1327.81
1814.29
3439.71
1270.58
641.01
3485.50
6787.85
51.51
68.68
13421.17
17106.98
1688.38
34.34
3433.99
19693.92
2237.82
9935.67
2100.46
34.34
7795.15
2627.00
3084.87
3697.26
1848.63
2289.32
3119.21
658.18
938.62
45.79
28.62
125.91
389.19
28.62
