5432.53
346.02
242.21
4429.07
934.26
2214.53
207.61
1418.69
311.42
8027.68
519.03
173.01
415.22
5536.33
207.61
5640.14
1107.27
2491.35
242.21
2352.94
4705.88
4948.10
8131.49
207.61
2941.18
8996.54
207.61
2387.54
8927.34
588.24
380.62
3079.58
5190.31
692.04
2595.16
50415.22
1038.06
173.01
2179.93
692.04
968.86
553.63
726.64
1038.06
207.61
1695.50
4844.29
5986.16
588.24
276.82
6539.79
32006.92
173.01
2768.17
311.42
2041.52
622.84
1107.27
242.21
1384.08
9446.37
622.84
3217.99
311.42
1349.48
173.01
657.44
276.82
311.42
207.61
207.61
1418.69
5121.11
1349.48
830.45
1107.27
16643.60
242.21
8200.69
19307.96
13287.20
415.22
5813.15
4671.28
346.02
276.82
622.84
1453.29
3044.98
1626.30
346.02
10692.04
761.25
519.03
7716.26
311.42
276.82
1695.50
1349.48
1384.08
1107.27
726.64
1557.09
5121.11
242.21
380.62
311.42
1418.69
9965.40
6435.99
1280.28
657.44
12041.52
3633.22
4394.46
1245.67
1764.71
311.42
346.02
11730.10
1626.30
1903.11
380.62
449.83
1522.49
6505.19
207.61
380.62
3494.81
7993.08
761.25
11487.89
207.61
7301.04
2110.73
173.01
1626.30
415.22
7058.82
16609.00
242.21
207.61
761.25
415.22
4636.68
