141.72
2885.49
1865.08
2057.82
521.54
1105.44
4325.40
1791.38
1218.82
221.09
3407.03
4109.98
1354.88
113.38
2596.37
130.39
549.89
1400.23
73.70
765.31
175.74
402.49
799.32
3633.79
566.89
136.05
453.51
708.62
810.66
102.04
1695.01
901.36
226.76
510.20
1553.29
28.34
45.35
187.07
175.74
96.37
306.12
8004.54
856.01
96.37
3339.00
782.31
1150.79
748.30
595.24
45.35
476.19
413.83
1326.53
753.97
198.41
1734.69
34.01
10799.32
368.48
45.35
5283.45
895.69
34.01
39.68
96.37
2534.01
187.07
1938.78
980.73
221.09
357.14
5073.70
2868.48
827.66
294.78
4625.85
901.36
1530.61
328.80
28.34
5464.85
9297.05
2545.35
1014.74
425.17
374.15
663.27
1196.15
334.47
141.72
4268.71
85.03
3622.45
3611.11
1150.79
232.43
617.91
226.76
958.05
600.91
85.03
266.44
73.70
243.76
198.41
215.42
91961.45
153.06
493.20
232.43
3072.56
3095.24
816.33
674.60
1422.90
323.13
255.10
7250.57
2154.20
391.16
1281.18
34.01
2568.03
1967.12
238.10
283.45
28.34
187.07
28.34
379.82
28.34
833.33
4161.00
1258.50
1938.78
1099.77
73.70
810.66
1541.95
1337.87
192.74
924.04
1717.69
878.68
1451.25
606.58
328.80
442.18
2233.56
51.02
147.39
4903.63
5986.39
192.74
56.69
3554.42
1167.80
79.37
209.75
68.03
56.69
1723.36
697.28
62.36
209.75
136.05
1933.11
1269.84
753.97
674.60
1043.08
816.33
464.85
243.76
34.01
572.56
578.23
1309.52
56.69
1105.44
272.11
8010.20
918.37
725.62
28.34
39.68
215.42
51.02
39.68
3373.02
124.72
3390.02
1252.83
5527.21
4897.96
4365.08
2539.68
10640.59
822.00
340.14
187.07
1235.83
328.80
3015.87
39.68
317.46
249.43
958.05
266.44
2636.05
7959.18
810.66
385.49
141.72
136.05
1281.18
39.68
340.14
328.80
7964.85
595.24
527.21
8072.56
753.97
589.57
56.69
85.03
1513.61
90.70
3004.54
56.69
124.72
3083.90
266.44
901.36
39.68
2414.97
498.87
4688.21
1763.04
28.34
736.96
674.60
1780.05
640.59
1026.08
96.37
51.02
5209.75
51.02
1054.42
2001.13
2120.18
419.50
85.03
4302.72
657.60
2794.78
714.29
2488.66
396.83
470.52
3304.99
28.34
1014.74
861.68
1003.40
164.40
1445.58
1043.08
28.34
3911.56
544.22
3962.59
776.64
107.71
827.66
3356.01
8202.95
249.43
45.35
323.13
839.00
5691.61
1978.46
510.20
34.01
90.70
34.01
39.68
555.56
895.69
1094.10
340.14
34.01
164.40
141.72
1218.82
969.39
419.50
816.33
2919.50
39.68
634.92
725.62
810.66
1445.58
39.68
158.73
85.03
3407.03
232.43
600.91
2545.35
107.71
1133.79
498.87
141.72
1434.24
357.14
62.36
357.14
226.76
782.31
629.25
170.07
725.62
1950.11
2426.30
243.76
62.36
958.05
549.89
85.03
1995.46
56.69
629.25
90.70
232.43
680.27
175.74
430.84
5000.00
243.76
12210.88
51.02
34.01
510.20
306.12
1706.35
1184.81
56.69
765.31
924.04
40623.58
226.76
175.74
90.70
379.82
90.70
90.70
572.56
674.60
1060.09
1524.94
277.78
1269.84
147.39
362.81
181.41
39.68
827.66
1927.44
300.45
130.39
1088.44
79.37
368.48
2823.13
73.70
51.02
45.35
549.89
328.80
62.36
340.14
8469.39
986.39
311.79
34.01
1621.32
238.10
51.02
289.12
28.34
255.10
402.49
1184.81
839.00
51.02
759.64
39.68
2726.76
79.37
73.70
51.02
215.42
3684.81
1910.43
4376.42
2052.15
130.39
2131.52
759.64
158.73
272.11
62.36
45.35
34.01
124.72
283.45
827.66
238.10
90.70
147.39
1213.15
425.17
62.36
170.07
260.77
2692.74
1077.10
119.05
39.68
283.45
1808.39
28.34
283.45
96.37
4138.32
1031.75
1309.52
73.70
1082.77
2023.81
232.43
4229.02
2227.89
487.53
351.47
1258.50
419.50
51.02
1814.06
85.03
107.71
90.70
39.68
56.69
1570.29
130.39
595.24
770.98
2596.37
1048.75
113.38
368.48
1485.26
34.01
73.70
34.01
4744.90
56.69
68.03
334.47
6870.75
306.12
623.58
113.38
1003.40
147.39
147.39
714.29
164.40
277.78
408.16
243.76
85.03
1848.07
45.35
34.01
23021.54
45.35
68.03
657.60
1077.10
124.72
453.51
34.01
351.47
45.35
340.14
583.90
402.49
4126.98
3775.51
73.70
890.02
28.34
56.69
2040.82
1207.48
2358.28
226.76
1865.08
85.03
1269.84
68.03
1218.82
158.73
68.03
187.07
1190.48
2811.79
1825.40
691.61
1967.12
79.37
5975.06
3707.48
6768.71
1530.61
16604.31
430.84
226.76
153.06
255.10
10708.62
1434.24
1020.41
45.35
45.35
362.81
5090.70
39.68
153.06
419.50
73.70
39.68
1179.14
549.89
124.72
776.64
56.69
3645.12
130.39
45.35
323.13
391.16
8565.76
379.82
12641.72
7919.50
243.76
10839.00
606.58
136.05
3639.46
294.78
266.44
56.69
4982.99
7879.82
79.37
266.44
102.04
980.73
107.71
306.12
555.56
124.72
192.74
1729.02
856.01
5351.47
141.72
1213.15
51.02
15668.93
583.90
85.03
136.05
3809.52
1315.19
102.04
385.49
34.01
975.06
561.22
28.34
890.02
674.60
1264.17
85.03
51.02
924.04
368.48
62.36
2159.86
396.83
1853.74
2023.81
141.72
68.03
629.25
85.03
425.17
136.05
3531.75
255.10
1587.30
833.33
266.44
787.98
1712.02
487.53
459.18
408.16
538.55
130.39
328.80
266.44
90.70
929.71
447.85
5918.37
736.96
96.37
28.34
430.84
34.01
884.35
5731.29
629.25
283.45
20147.39
714.29
1235.83
249.43
170.07
504.54
1162.13
12828.80
192.74
1700.68
107.71
141.72
2290.25
464.85
3032.88
612.24
2568.03
2233.56
283.45
3594.10
2324.26
192.74
2397.96
13917.23
345.80
2636.05
578.23
209.75
68.03
1184.81
572.56
175.74
9149.66
867.35
181.41
62.36
28.34
9807.26
62.36
102.04
861.68
929.71
255.10
3599.77
11938.78
96.37
317.46
2545.35
3860.54
2579.37
277.78
2165.53
5731.29
3724.49
765.31
158.73
1853.74
583.90
3741.50
8605.44
680.27
226.76
793.65
6377.55
487.53
28.34
2709.75
674.60
3361.68
1712.02
2585.03
45.35
79.37
3032.88
8010.20
62.36
107.71
45.35
323.13
1014.74
544.22
164.40
232.43
691.61
436.51
1524.94
419.50
1638.32
204.08
34.01
1456.92
549.89
1507.94
323.13
158.73
1048.75
289.12
266.44
34.01
