144.53
144.53
260.15
578.10
231.24
289.05
1763.21
346.86
202.34
375.77
751.53
173.43
260.15
1271.82
491.39
346.86
375.77
202.34
144.53
375.77
520.29
173.43
317.96
231.24
260.15
289.05
173.43
693.72
202.34
404.67
202.34
144.53
607.01
1069.49
780.44
173.43
346.86
144.53
144.53
173.43
578.10
231.24
375.77
1214.01
1445.25
202.34
404.67
693.72
346.86
780.44
404.67
491.39
462.48
780.44
404.67
173.43
520.29
202.34
635.91
404.67
375.77
549.20
202.34
809.34
664.82
549.20
144.53
231.24
260.15
260.15
924.96
260.15
751.53
144.53
317.96
578.10
1560.87
202.34
144.53
202.34
346.86
144.53
144.53
173.43
173.43
202.34
231.24
1821.02
1040.58
809.34
404.67
289.05
1503.06
375.77
520.29
346.86
520.29
433.58
520.29
722.63
317.96
346.86
173.43
144.53
896.06
896.06
202.34
144.53
2890.51
664.82
1271.82
491.39
751.53
491.39
260.15
289.05
520.29
1878.83
202.34
289.05
317.96
491.39
289.05
1878.83
722.63
1416.35
173.43
3815.47
1474.16
3873.28
1849.92
780.44
838.25
578.10
173.43
780.44
11966.70
375.77
173.43
1127.30
520.29
404.67
231.24
346.86
144.53
346.86
202.34
1040.58
520.29
404.67
346.86
144.53
1040.58
867.15
953.87
520.29
260.15
607.01
144.53
491.39
144.53
1647.59
144.53
144.53
1156.20
260.15
317.96
317.96
5000.58
462.48
202.34
1503.06
722.63
549.20
375.77
4162.33
1214.01
260.15
231.24
231.24
433.58
260.15
722.63
4364.67
1531.97
2052.26
664.82
10030.06
231.24
202.34
722.63
173.43
317.96
144.53
462.48
231.24
809.34
202.34
375.77
520.29
202.34
375.77
144.53
173.43
317.96
144.53
144.53
231.24
635.91
289.05
202.34
231.24
433.58
549.20
317.96
1040.58
144.53
231.24
751.53
317.96
231.24
433.58
289.05
1734.30
1474.16
144.53
202.34
144.53
578.10
231.24
260.15
231.24
231.24
202.34
260.15
317.96
404.67
8931.67
173.43
1127.30
578.10
375.77
144.53
607.01
809.34
173.43
751.53
462.48
173.43
1560.87
202.34
1214.01
896.06
549.20
289.05
144.53
317.96
404.67
144.53
144.53
202.34
953.87
317.96
144.53
1098.39
751.53
173.43
202.34
202.34
1618.68
260.15
144.53
462.48
289.05
809.34
1214.01
896.06
144.53
202.34
231.24
346.86
1994.45
1185.11
404.67
896.06
173.43
317.96
260.15
144.53
144.53
5954.45
202.34
173.43
578.10
578.10
260.15
780.44
202.34
202.34
173.43
346.86
1849.92
231.24
173.43
375.77
491.39
289.05
317.96
809.34
693.72
1185.11
231.24
520.29
1647.59
462.48
260.15
231.24
144.53
231.24
202.34
462.48
260.15
202.34
260.15
1242.92
289.05
520.29
375.77
578.10
1040.58
780.44
491.39
549.20
491.39
260.15
2110.07
809.34
1242.92
6070.07
231.24
202.34
144.53
3497.51
231.24
924.96
289.05
838.25
144.53
2081.17
1156.20
289.05
1098.39
260.15
635.91
375.77
462.48
289.05
144.53
173.43
578.10
289.05
317.96
1734.30
1676.49
2138.98
982.77
924.96
231.24
607.01
260.15
607.01
202.34
173.43
809.34
1300.73
751.53
1214.01
289.05
462.48
346.86
144.53
144.53
173.43
260.15
607.01
173.43
231.24
375.77
780.44
173.43
144.53
144.53
173.43
260.15
664.82
260.15
1734.30
462.48
549.20
1040.58
289.05
202.34
231.24
317.96
317.96
317.96
289.05
7399.70
144.53
317.96
202.34
1214.01
2919.41
722.63
202.34
809.34
231.24
491.39
491.39
635.91
1040.58
8006.71
289.05
260.15
231.24
231.24
346.86
260.15
289.05
317.96
144.53
173.43
491.39
867.15
664.82
231.24
520.29
202.34
173.43
173.43
491.39
375.77
607.01
635.91
289.05
433.58
346.86
462.48
289.05
2081.17
346.86
607.01
231.24
375.77
144.53
144.53
317.96
173.43
173.43
346.86
346.86
404.67
2138.98
693.72
462.48
202.34
202.34
751.53
462.48
202.34
260.15
896.06
173.43
924.96
693.72
1242.92
173.43
7139.55
231.24
173.43
144.53
1011.68
1994.45
2485.84
607.01
1503.06
7630.94
722.63
664.82
260.15
664.82
144.53
289.05
231.24
491.39
231.24
173.43
1821.02
953.87
404.67
982.77
549.20
289.05
144.53
144.53
462.48
202.34
317.96
144.53
346.86
289.05
549.20
2572.55
144.53
173.43
202.34
433.58
144.53
144.53
202.34
173.43
491.39
231.24
289.05
462.48
1040.58
144.53
289.05
202.34
1705.40
924.96
1416.35
375.77
404.67
982.77
578.10
2861.60
635.91
1214.01
231.24
635.91
404.67
289.05
809.34
520.29
317.96
202.34
231.24
664.82
173.43
173.43
317.96
664.82
635.91
231.24
5289.63
635.91
231.24
896.06
13758.82
433.58
404.67
202.34
982.77
260.15
6214.59
202.34
520.29
173.43
202.34
2196.79
375.77
202.34
260.15
144.53
260.15
173.43
173.43
607.01
1040.58
173.43
202.34
6850.50
375.77
6098.97
867.15
635.91
375.77
173.43
144.53
231.24
462.48
1445.25
317.96
664.82
202.34
404.67
289.05
433.58
289.05
231.24
722.63
635.91
491.39
144.53
491.39
260.15
173.43
982.77
289.05
173.43
173.43
607.01
578.10
2456.93
780.44
578.10
346.86
144.53
24973.99
144.53
173.43
260.15
693.72
4509.19
202.34
173.43
173.43
7833.28
1329.63
2370.22
896.06
375.77
289.05
635.91
491.39
722.63
462.48
607.01
260.15
231.24
2977.22
144.53
260.15
607.01
144.53
4220.14
664.82
260.15
722.63
693.72
260.15
404.67
144.53
9596.49
231.24
1387.44
144.53
289.05
260.15
202.34
260.15
173.43
896.06
346.86
173.43
433.58
144.53
433.58
1156.20
144.53
144.53
173.43
144.53
202.34
202.34
231.24
520.29
664.82
780.44
1040.58
173.43
404.67
693.72
780.44
8411.38
202.34
1040.58
751.53
260.15
1011.68
231.24
549.20
1560.87
144.53
317.96
144.53
231.24
144.53
289.05
375.77
231.24
462.48
693.72
144.53
404.67
317.96
317.96
6734.88
780.44
491.39
549.20
578.10
346.86
549.20
462.48
202.34
202.34
317.96
549.20
144.53
924.96
173.43
3468.61
404.67
404.67
346.86
260.15
144.53
1271.82
549.20
1271.82
289.05
1011.68
1127.30
433.58
202.34
549.20
202.34
375.77
3295.18
144.53
173.43
231.24
231.24
462.48
1907.73
1560.87
173.43
462.48
433.58
144.53
317.96
231.24
375.77
144.53
173.43
722.63
144.53
144.53
289.05
173.43
202.34
462.48
5838.83
173.43
1763.21
231.24
173.43
289.05
202.34
346.86
3757.66
260.15
202.34
173.43
202.34
202.34
462.48
867.15
173.43
578.10
607.01
404.67
491.39
173.43
549.20
260.15
16909.47
607.01
462.48
144.53
289.05
144.53
173.43
202.34
173.43
144.53
404.67
549.20
664.82
1185.11
635.91
722.63
404.67
462.48
317.96
173.43
722.63
346.86
2341.31
722.63
144.53
346.86
520.29
144.53
202.34
462.48
173.43
173.43
173.43
1271.82
1271.82
260.15
202.34
1560.87
346.86
607.01
144.53
202.34
375.77
173.43
231.24
173.43
144.53
202.34
2456.93
346.86
433.58
404.67
635.91
433.58
2514.74
2428.03
173.43
231.24
982.77
578.10
404.67
144.53
896.06
173.43
202.34
404.67
1474.16
144.53
404.67
144.53
173.43
2745.98
144.53
289.05
202.34
173.43
375.77
289.05
549.20
231.24
635.91
1792.11
2456.93
202.34
231.24
953.87
664.82
2110.07
173.43
202.34
317.96
289.05
144.53
924.96
4249.05
202.34
722.63
202.34
1849.92
144.53
260.15
202.34
173.43
346.86
144.53
202.34
1127.30
1098.39
173.43
260.15
578.10
231.24
693.72
664.82
289.05
144.53
346.86
202.34
202.34
317.96
462.48
144.53
346.86
231.24
144.53
289.05
1387.44
664.82
144.53
867.15
231.24
173.43
1734.30
317.96
1127.30
3642.04
578.10
260.15
289.05
433.58
144.53
231.24
2456.93
520.29
260.15
260.15
838.25
231.24
202.34
953.87
1445.25
404.67
173.43
317.96
375.77
202.34
317.96
375.77
317.96
173.43
1300.73
289.05
144.53
202.34
404.67
289.05
289.05
404.67
173.43
346.86
144.53
289.05
896.06
202.34
202.34
1214.01
1994.45
202.34
2543.65
144.53
462.48
462.48
173.43
202.34
173.43
404.67
173.43
231.24
722.63
578.10
346.86
1589.78
231.24
433.58
375.77
289.05
1618.68
202.34
2803.79
2717.08
3555.32
375.77
664.82
375.77
578.10
346.86
2196.79
635.91
578.10
260.15
838.25
231.24
549.20
173.43
346.86
3237.37
231.24
173.43
144.53
1098.39
260.15
4364.67
982.77
491.39
173.43
173.43
491.39
289.05
346.86
173.43
144.53
202.34
433.58
231.24
1242.92
289.05
144.53
1127.30
317.96
3844.38
231.24
231.24
289.05
144.53
346.86
173.43
173.43
8035.61
6532.55
722.63
1358.54
173.43
462.48
404.67
722.63
491.39
462.48
404.67
144.53
3670.94
491.39
173.43
549.20
520.29
578.10
173.43
173.43
1994.45
317.96
173.43
144.53
231.24
144.53
664.82
289.05
289.05
867.15
317.96
260.15
173.43
144.53
809.34
433.58
173.43
462.48
317.96
289.05
260.15
953.87
317.96
289.05
231.24
144.53
578.10
1589.78
838.25
231.24
231.24
2572.55
404.67
317.96
751.53
549.20
491.39
462.48
144.53
896.06
1589.78
260.15
173.43
144.53
289.05
549.20
722.63
1098.39
144.53
867.15
3815.47
549.20
173.43
144.53
1011.68
202.34
144.53
520.29
375.77
1734.30
173.43
549.20
867.15
462.48
3526.42
231.24
433.58
578.10
289.05
664.82
173.43
289.05
346.86
780.44
173.43
346.86
144.53
693.72
173.43
462.48
520.29
1040.58
607.01
780.44
289.05
144.53
1156.20
2370.22
144.53
144.53
289.05
260.15
520.29
289.05
491.39
1098.39
202.34
664.82
578.10
144.53
231.24
6330.21
578.10
202.34
144.53
607.01
144.53
260.15
144.53
173.43
751.53
809.34
578.10
144.53
260.15
5665.39
1445.25
231.24
173.43
433.58
231.24
317.96
317.96
1127.30
1011.68
664.82
231.24
260.15
375.77
1271.82
202.34
751.53
202.34
173.43
231.24
260.15
144.53
607.01
462.48
260.15
2283.50
289.05
231.24
462.48
260.15
1242.92
433.58
953.87
1763.21
202.34
578.10
433.58
317.96
375.77
1098.39
664.82
433.58
202.34
578.10
1965.55
144.53
491.39
549.20
635.91
722.63
260.15
144.53
173.43
896.06
289.05
317.96
173.43
462.48
10926.12
144.53
2456.93
260.15
231.24
173.43
346.86
173.43
173.43
1040.58
260.15
1127.30
751.53
317.96
2399.12
231.24
317.96
1069.49
144.53
751.53
144.53
144.53
635.91
1329.63
231.24
144.53
491.39
317.96
144.53
838.25
317.96
635.91
635.91
260.15
751.53
173.43
1098.39
260.15
231.24
231.24
144.53
404.67
173.43
260.15
462.48
260.15
404.67
520.29
607.01
462.48
173.43
635.91
173.43
346.86
1387.44
1647.59
375.77
1618.68
202.34
924.96
346.86
231.24
173.43
144.53
144.53
491.39
549.20
231.24
751.53
144.53
260.15
1994.45
1098.39
896.06
1098.39
404.67
780.44
520.29
260.15
2283.50
664.82
693.72
433.58
231.24
1156.20
260.15
433.58
144.53
202.34
173.43
231.24
375.77
1445.25
202.34
289.05
549.20
549.20
1503.06
231.24
260.15
317.96
375.77
433.58
664.82
2196.79
520.29
751.53
491.39
231.24
549.20
21158.52
173.43
375.77
2081.17
664.82
144.53
491.39
173.43
231.24
1329.63
260.15
2138.98
2052.26
1474.16
144.53
144.53
202.34
462.48
231.24
173.43
375.77
202.34
780.44
578.10
1300.73
1531.97
346.86
664.82
982.77
982.77
317.96
404.67
1214.01
289.05
260.15
1098.39
1907.73
578.10
260.15
173.43
144.53
722.63
896.06
867.15
375.77
144.53
289.05
173.43
260.15
173.43
317.96
375.77
693.72
982.77
1300.73
520.29
202.34
202.34
838.25
578.10
202.34
1242.92
607.01
202.34
231.24
635.91
1300.73
260.15
173.43
144.53
751.53
173.43
289.05
346.86
433.58
1011.68
809.34
433.58
260.15
375.77
173.43
346.86
144.53
173.43
317.96
635.91
260.15
1878.83
549.20
4104.52
751.53
1358.54
722.63
173.43
433.58
231.24
1792.11
346.86
317.96
144.53
375.77
202.34
1734.30
664.82
404.67
491.39
1647.59
346.86
5665.39
144.53
346.86
317.96
549.20
578.10
780.44
491.39
1474.16
260.15
173.43
838.25
578.10
202.34
144.53
144.53
375.77
317.96
231.24
144.53
3352.99
1069.49
289.05
1474.16
346.86
202.34
317.96
231.24
173.43
404.67
144.53
462.48
231.24
173.43
2948.32
317.96
202.34
578.10
982.77
2023.36
1271.82
953.87
635.91
289.05
317.96
144.53
231.24
780.44
1849.92
2023.36
1936.64
260.15
404.67
1358.54
1821.02
144.53
260.15
462.48
260.15
3121.75
317.96
404.67
924.96
6821.60
1040.58
260.15
953.87
346.86
751.53
404.67
4220.14
317.96
607.01
317.96
144.53
260.15
1214.01
1271.82
202.34
173.43
780.44
144.53
462.48
809.34
317.96
202.34
144.53
375.77
144.53
462.48
1445.25
404.67
664.82
6908.31
491.39
231.24
578.10
549.20
19597.64
3237.37
520.29
375.77
896.06
346.86
289.05
144.53
231.24
578.10
664.82
1011.68
751.53
25754.42
1763.21
202.34
144.53
202.34
231.24
346.86
202.34
1069.49
1705.40
693.72
231.24
202.34
433.58
375.77
173.43
231.24
549.20
1531.97
317.96
289.05
404.67
346.86
607.01
462.48
144.53
317.96
462.48
260.15
173.43
173.43
635.91
346.86
144.53
231.24
375.77
375.77
1011.68
635.91
375.77
838.25
317.96
549.20
982.77
809.34
231.24
549.20
3006.13
144.53
202.34
173.43
260.15
202.34
578.10
173.43
202.34
202.34
1676.49
404.67
2370.22
838.25
1185.11
404.67
2485.84
144.53
202.34
144.53
635.91
549.20
231.24
462.48
346.86
1098.39
491.39
144.53
491.39
404.67
375.77
491.39
404.67
144.53
2023.36
1589.78
173.43
2745.98
1503.06
173.43
924.96
260.15
260.15
693.72
1214.01
7544.22
722.63
317.96
173.43
202.34
693.72
3902.19
549.20
549.20
635.91
1098.39
144.53
1011.68
260.15
3006.13
173.43
520.29
202.34
173.43
578.10
144.53
289.05
289.05
491.39
202.34
1242.92
780.44
607.01
433.58
924.96
1214.01
549.20
260.15
260.15
664.82
924.96
289.05
144.53
375.77
346.86
231.24
231.24
202.34
346.86
1011.68
144.53
289.05
260.15
751.53
144.53
1127.30
375.77
289.05
144.53
202.34
2630.36
433.58
1156.20
4220.14
896.06
433.58
491.39
1214.01
578.10
924.96
375.77
144.53
375.77
173.43
173.43
1387.44
1647.59
664.82
144.53
433.58
896.06
144.53
6937.22
924.96
1098.39
144.53
260.15
375.77
635.91
867.15
1416.35
3699.85
202.34
607.01
2167.88
144.53
346.86
520.29
202.34
433.58
173.43
202.34
433.58
635.91
289.05
346.86
173.43
578.10
375.77
1358.54
4046.71
1734.30
317.96
982.77
375.77
3150.65
25147.42
520.29
144.53
144.53
404.67
202.34
751.53
231.24
722.63
722.63
202.34
1994.45
491.39
144.53
404.67
173.43
289.05
144.53
173.43
346.86
317.96
896.06
1069.49
404.67
1069.49
317.96
896.06
3381.89
144.53
578.10
1763.21
1416.35
5578.68
462.48
3584.23
2312.41
289.05
173.43
722.63
693.72
346.86
173.43
144.53
144.53
433.58
607.01
317.96
173.43
1474.16
231.24
144.53
549.20
173.43
260.15
260.15
462.48
375.77
2456.93
231.24
144.53
1040.58
289.05
202.34
11012.83
7688.75
173.43
346.86
404.67
202.34
404.67
491.39
924.96
1185.11
375.77
317.96
346.86
202.34
404.67
144.53
202.34
202.34
202.34
751.53
722.63
578.10
260.15
2081.17
982.77
693.72
260.15
462.48
549.20
1618.68
144.53
260.15
173.43
144.53
375.77
173.43
433.58
2659.27
375.77
433.58
144.53
260.15
520.29
260.15
231.24
260.15
549.20
491.39
780.44
2081.17
1416.35
346.86
202.34
289.05
173.43
1474.16
1734.30
260.15
173.43
4769.34
1965.55
2167.88
260.15
144.53
173.43
144.53
144.53
289.05
317.96
231.24
635.91
173.43
317.96
433.58
1040.58
1878.83
375.77
202.34
144.53
173.43
231.24
462.48
144.53
1185.11
1098.39
607.01
231.24
317.96
4393.57
289.05
144.53
202.34
375.77
1040.58
1358.54
144.53
1531.97
260.15
1994.45
520.29
202.34
173.43
693.72
144.53
1185.11
549.20
491.39
144.53
664.82
260.15
1127.30
202.34
433.58
346.86
751.53
173.43
462.48
375.77
202.34
809.34
346.86
346.86
260.15
144.53
867.15
1387.44
144.53
1156.20
231.24
2399.12
144.53
896.06
578.10
144.53
722.63
173.43
202.34
144.53
607.01
144.53
693.72
491.39
260.15
260.15
867.15
2254.60
260.15
346.86
12602.61
1416.35
260.15
2312.41
144.53
173.43
404.67
144.53
289.05
780.44
260.15
635.91
491.39
520.29
231.24
924.96
722.63
289.05
2630.36
144.53
1185.11
144.53
3988.90
3844.38
722.63
289.05
1647.59
404.67
375.77
780.44
3931.09
7833.28
462.48
1503.06
1040.58
838.25
924.96
664.82
1705.40
1011.68
173.43
260.15
173.43
1011.68
173.43
202.34
462.48
202.34
173.43
144.53
144.53
2052.26
2225.69
346.86
173.43
289.05
896.06
491.39
144.53
664.82
1907.73
260.15
289.05
317.96
491.39
202.34
202.34
346.86
173.43
317.96
1098.39
491.39
578.10
202.34
14828.30
202.34
289.05
173.43
231.24
202.34
1474.16
1011.68
1358.54
144.53
462.48
260.15
1531.97
231.24
231.24
173.43
491.39
173.43
433.58
1618.68
1849.92
607.01
2023.36
780.44
260.15
144.53
144.53
260.15
693.72
317.96
433.58
173.43
751.53
1156.20
433.58
1300.73
173.43
982.77
173.43
289.05
491.39
202.34
144.53
404.67
7023.93
260.15
520.29
260.15
751.53
231.24
722.63
1647.59
289.05
5289.63
462.48
173.43
635.91
693.72
289.05
317.96
1589.78
549.20
549.20
1156.20
346.86
3873.28
751.53
491.39
289.05
462.48
173.43
2861.60
173.43
144.53
289.05
317.96
549.20
722.63
520.29
2081.17
202.34
1792.11
317.96
202.34
317.96
722.63
578.10
838.25
144.53
144.53
144.53
751.53
317.96
722.63
144.53
549.20
578.10
404.67
173.43
1271.82
346.86
375.77
317.96
549.20
317.96
664.82
144.53
520.29
375.77
260.15
1040.58
202.34
6214.59
1705.40
173.43
202.34
231.24
1994.45
7428.60
10030.06
202.34
317.96
664.82
346.86
317.96
144.53
144.53
289.05
520.29
491.39
953.87
549.20
202.34
346.86
3352.99
346.86
1416.35
1098.39
2948.32
375.77
1474.16
433.58
231.24
9047.29
17343.05
462.48
433.58
2023.36
635.91
231.24
260.15
202.34
722.63
260.15
809.34
1242.92
144.53
231.24
375.77
1531.97
462.48
1907.73
462.48
635.91
260.15
289.05
664.82
404.67
317.96
433.58
491.39
173.43
202.34
144.53
1185.11
404.67
144.53
1560.87
173.43
462.48
144.53
173.43
433.58
173.43
722.63
317.96
867.15
3613.13
346.86
231.24
173.43
173.43
202.34
144.53
231.24
173.43
144.53
260.15
433.58
5694.30
289.05
346.86
491.39
838.25
607.01
317.96
144.53
867.15
433.58
202.34
578.10
780.44
953.87
144.53
289.05
549.20
173.43
202.34
404.67
202.34
693.72
433.58
173.43
173.43
578.10
289.05
289.05
635.91
491.39
4798.24
317.96
144.53
1271.82
491.39
260.15
289.05
4162.33
173.43
433.58
231.24
664.82
202.34
375.77
173.43
433.58
231.24
144.53
1271.82
260.15
2456.93
1069.49
346.86
982.77
202.34
520.29
144.53
144.53
289.05
289.05
375.77
202.34
231.24
317.96
520.29
375.77
1185.11
144.53
404.67
231.24
317.96
144.53
520.29
317.96
260.15
260.15
953.87
375.77
520.29
289.05
260.15
202.34
924.96
751.53
202.34
722.63
173.43
751.53
1358.54
289.05
462.48
173.43
520.29
173.43
173.43
607.01
173.43
144.53
231.24
202.34
607.01
404.67
231.24
375.77
289.05
751.53
346.86
520.29
202.34
144.53
317.96
173.43
260.15
260.15
289.05
231.24
202.34
144.53
231.24
173.43
664.82
202.34
231.24
144.53
144.53
231.24
260.15
