338.76
7793.24
362.11
777.52
34.36
421.58
477.08
274.44
914.52
3193.33
2758.54
526.86
1236.10
1670.45
3167.34
181.05
211.89
2521.10
3289.80
861.22
4781.40
2592.02
314.97
209.25
2536.51
4706.52
348.45
2338.72
452.41
305.28
6117.94
1083.24
1970.01
9846.94
5548.35
425.98
481.05
9460.61
297.35
915.84
439.64
4317.54
252.42
325.54
97.35
517.61
10772.92
1261.21
1213.63
3469.54
603.95
559.02
1693.36
1435.21
118.06
2164.27
2814.04
202.64
202.64
677.52
707.48
1036.10
2792.90
101.76
1554.60
880.16
922.45
427.30
424.22
84.58
2297.31
285.90
6049.22
5999.44
81.06
4098.60
4719.29
1154.16
46.25
140.09
316.29
2181.46
1129.49
366.07
132.16
4661.58
297.35
1754.59
3826.80
148.01
6178.29
4249.70
1435.65
1264.29
848.88
501.31
1737.85
803.51
1166.06
861.66
46.25
3731.20
2101.72
965.18
1584.55
138.32
1005.71
374.44
157.71
543.16
