338.76
28284.91
362.11
777.52
34.36
421.58
120.70
274.44
1003.06
13455.24
2957.21
445.37
1195.57
3092.01
137.88
58.59
2768.23
253.74
4969.07
2937.83
9005.55
125.99
59.03
148.46
10495.83
751.97
3220.20
517.61
170.04
50.22
1361.21
10008.17
1951.50
127.31
379.29
239.64
926.41
26785.38
24.67
2162.95
261.23
144.93
432.59
103.52
3869.97
1418.47
9.69
6130.72
5643.06
2718.45
500.43
2.64
843.16
1848.86
297.35
4484.93
3861.60
7676.50
4222.82
2500.39
1689.83
712.76
148.90
4436.04
2248.41
1636.97
3.96
320.70
178.85
60.35
4.41
442.28
1018.48
310.13
543.16
145.81
