58.33
123.68
4870.84
19.30
1606.07
285.51
1411.34
275.87
41.66
45.17
1483.27
43.86
4578.31
222.36
1123.20
9168.46
254.37
3840.18
33.77
515.33
39.91
32.45
304.81
65.35
4030.52
272.36
40.79
2565.24
61.84
319.28
1221.88
4629.62
2732.34
303.50
4.82
528.05
104.38
3149.42
5306.78
2.63
2440.24
425.86
420.16
2875.31
779.79
438.14
7530.37
2186.75
39.47
6194.47
344.72
171.05
1533.70
219.29
7402.75
14.03
4489.28
718.83
5.70
368.84
3489.76
282.44
1981.93
517.96
4563.40
82.45
1233.28
213.15
642.08
416.21
1719.22
103.50
135.52
108.77
773.65
1081.97
950.40
27.19
413.58
1221.44
273.67
1628.88
3778.78
32.89
311.39
223.24
116.66
2925.31
294.29
467.08
970.13
606.99
3217.40
3.51
40.79
1390.29
1245.56
968.38
1549.93
446.03
7.46
359.19
5712.03
63.59
666.64
296.04
3485.37
20.61
537.70
