338.76
10057.51
362.11
777.52
34.36
421.58
342.28
274.44
860.78
3915.34
2986.29
608.80
1148.44
2792.46
1379.27
93.39
2668.23
76.65
3663.80
5737.77
922.01
3233.86
6010.01
5.73
2771.31
45.81
2128.59
181.49
2067.36
1012.31
270.48
6532.91
7465.49
390.74
249.33
7343.47
8939.47
711.44
4103.44
112.33
517.61
243.17
36.12
2.20
10818.73
1182.36
2610.08
670.91
450.21
471.80
1359.89
1405.26
85.90
90.31
2.20
2703.91
82.38
2046.22
456.38
1837.85
11.01
290.74
790.73
221.14
4643.52
661.22
9.69
54.62
942.71
255.94
6916.16
7161.97
4641.32
2.20
69.16
199.12
5759.80
886.77
2534.31
18.94
700.43
237.00
18.50
5087.13
14.98
1771.33
297.35
4088.91
2.64
66.96
6766.39
4117.54
1110.99
2218.46
628.18
1486.76
1246.23
167.40
4008.29
2.20
200.00
254.62
1519.79
1814.06
759.02
140.53
939.63
337.88
543.16
134.80
