315.23
32.67
380.57
405.74
275.05
2606.59
1149.21
264.01
67.55
3354.93
23.84
7.06
365.12
5120.47
8331.03
3108.57
898.89
63.13
917.87
5434.82
1762.01
526.26
309.05
10048.45
1447.22
331.12
91.83
33.55
31.79
107.73
1121.84
1154.51
358.49
355.40
36.64
7371.22
2.21
824.27
6358.43
10580.46
4771.69
520.08
231.79
1279.46
78.14
886.97
69.31
2316.97
267.99
9451.99
888.73
324.94
93.16
308.16
160.26
1523.60
451.21
1618.97
2.21
299.33
2900.19
313.02
2406.60
689.62
8.83
249.00
4659.99
408.83
42.83
1272.83
4994.65
7.51
4543.44
3.09
374.39
8107.64
202.65
4788.47
622.07
1920.51
604.41
174.39
34.44
29.58
57.39
5211.42
2347.88
1675.48
299.33
4239.69
1116.99
7.51
347.90
920.52
3100.19
26.05
364.23
3.53
42.38
205.30
3.09
339.07
79.03
64.90
334.65
906.83
709.04
164.68
4.86
18.54
550.55
194.26
548.34
