310.42
31.93
333.92
402.22
276.27
3147.22
1243.90
417.29
85.59
581.82
109.53
3785.80
5854.09
3349.00
1151.66
170.29
141.91
3167.62
3239.46
1440.80
2404.43
38.58
6754.32
6.65
238.58
2398.67
2157.87
403.10
1864.30
109.53
48.34
133.48
10231.92
352.11
425.72
8337.46
425.28
7555.64
869.62
11044.78
5888.68
524.61
302.44
87.80
1494.90
979.16
2783.15
251.88
2.22
10334.80
1333.48
353.88
112.19
394.68
132.59
2041.24
2964.52
2041.24
328.16
2621.73
803.10
424.83
343.68
229.27
4453.65
355.65
1410.20
6045.67
40.80
3.55
460.31
5243.45
8207.09
239.47
764.52
5041.68
2.66
2187.14
294.01
852.77
79.82
22.62
1357.87
3502.43
5398.66
33.26
303.33
1510.86
820.84
6421.28
924.17
642.57
1495.79
3843.01
610.20
1217.29
69.18
360.09
1072.73
25.28
238.14
164.97
214.63
2.22
38.14
7.98
697.12
214.19
546.34
