73.68
289.46
19.30
4594.10
2332.79
854.79
298.67
34.21
544.71
200.43
274.11
2766.55
1386.34
280.25
1201.26
23.24
1156.53
2786.72
3708.61
1397.31
32.45
296.04
2.63
1509.58
3.07
295.60
4447.61
28.95
91.22
8954.43
5138.81
4884.87
2282.79
2934.96
129.82
316.21
5717.73
417.09
8321.13
311.83
75.44
353.93
207.01
346.48
761.81
426.30
7652.73
460.94
303.06
515.77
2486.73
2802.95
1142.93
2000.35
1310.91
881.10
344.28
35.96
3314.77
3891.50
140.78
238.15
369.28
82.45
104.82
1057.85
4485.77
25.00
17.54
95.17
154.38
1344.24
506.12
345.60
2.63
799.96
4811.19
4255.95
100.00
637.69
25.44
14.91
3124.86
306.57
39.47
1888.08
760.05
2.63
1077.58
171.92
823.65
188.15
56.14
50.44
21.93
21.05
113.59
348.67
1430.20
43.42
282.01
9.65
7.89
3.07
79.82
5.70
631.99
5.70
5438.36
2.63
6.58
189.47
295.16
40.79
21.05
2.63
2789.35
18.42
539.45
