19.142 5.420 18.028 23.381
15.485 4.411 13.454 18.102
18.728 5.465 17.493 19.034
57.042 15.246 50.488 17.424
20.314 5.918 18.788 37.870
23.971 6.878 21.932 29.094
6.243 2.062 5.831 7.488
40.456 11.222 37.590 19.825
16.828 4.924 16.000 9.416
19.142 5.787 18.028 48.710
11.071 3.203 10.296 25.659
14.314 4.490 13.601 23.317
7.828 2.395 7.280 4.501
11.243 3.227 10.050 9.492
14.414 4.334 14.036 8.963
9.657 2.961 8.944 108.375
10.899 3.457 10.630 62.475
4.243 1.581 4.243 0.000
6.243 1.972 5.657 8.326
6.414 2.050 6.083 10.021
9.828 2.990 9.220 11.713
11.485 3.329 9.434 15.723
3.414 1.199 3.162 0.000
11.485 3.348 10.817 13.726
4.243 1.581 4.243 0.000
6.657 2.267 6.403 54.407
17.485 4.707 15.264 6.570
4.000 1.414 4.000 0.000
12.243 3.512 11.045 12.135
12.314 3.822 12.042 52.508
11.485 3.172 9.220 8.049
21.414 6.361 21.024 9.492
19.728 5.435 16.763 11.009
4.828 1.549 4.472 5035177455121575.000
5.243 1.744 5.000 21.223
3.414 1.225 3.162 0.000
4.243 1.581 4.243 0.000
5.657 2.000 5.657 6369051672525772.000
5.243 1.744 5.000 26.845
8.243 2.233 5.831 3.202
6.243 2.014 5.831 48.710
3.414 1.199 3.162 0.000
3.828 1.392 3.606 0.000
3.828 1.392 3.606 0.000
11.243 3.328 9.849 8.465
13.657 3.716 10.770 8.585
5.414 1.772 5.099 8.963
44.971 11.740 39.319 9.072
12.485 3.394 10.198 4.597
18.899 4.843 14.318 6.357
9.485 3.120 9.220 109.526
12.828 3.759 12.000 9.492
9.071 2.727 8.485 9.429
11.414 3.487 11.045 9.492
11.071 3.415 10.296 10.228
4.414 1.470 4.123 10.021
8.071 2.695 7.810 81.966
18.485 4.965 16.125 4.525
6.243 1.951 5.831 7.996
12.243 3.582 11.402 8.099
9.657 2.910 8.944 6.276
9.899 3.240 9.899 6369051672525772.000
3.828 1.392 3.606 0.000
20.071 5.699 18.682 11.077
31.556 8.151 27.203 4.404
4.243 1.581 4.243 0.000
12.314 3.961 12.042 158.896
35.799 9.312 30.000 7.759
9.071 2.828 8.602 24.034
21.971 6.390 20.616 20.520
6.414 2.060 6.083 9.315
15.243 4.509 14.318 11.360
4.243 1.581 4.243 0.000
11.314 2.897 8.000 8.277
3.414 1.199 3.162 0.000
5.243 1.833 5.000 26.845
13.657 3.891 12.649 8.898
7.243 2.241 6.403 5.882
7.000 2.291 7.000 0.000
6.414 2.030 6.083 8.963
23.728 6.775 21.932 12.850
5.414 1.748 5.099 8.963
16.657 4.657 15.000 6.204
7.243 2.185 6.708 5.651
28.556 7.753 23.770 13.474
4.828 1.625 4.472 2.885
10.485 3.154 10.000 9.333
4.243 1.581 4.243 0.000
8.657 2.522 7.280 7.085
4.414 1.470 4.123 10.021
6.243 1.951 5.831 6.688
8.657 2.449 7.000 4.109
29.556 7.388 22.804 5.277
10.071 2.998 9.220 6.296
4.243 1.581 4.243 0.000
5.243 1.833 5.000 21.223
12.243 3.508 11.045 9.492
3.828 1.392 3.606 0.000
5.828 1.841 5.385 20.616
7.071 2.415 7.071 6369051672525772.000
25.142 7.086 22.825 31.215
13.314 3.650 11.662 4.091
7.657 2.167 6.000 2.955
4.414 1.414 3.606 1.243
8.414 2.514 7.280 2.505
5.243 1.744 5.000 26.845
6.414 2.030 6.083 8.963
42.728 11.570 39.115 6.055
17.243 4.932 16.031 7.066
6.000 2.000 6.000 0.000
30.799 8.354 27.295 12.581
12.485 3.673 11.402 13.299
45.042 12.045 41.146 10.083
19.243 5.609 18.248 12.135
12.485 3.609 11.314 12.230
12.071 3.414 11.180 6.397
13.485 3.971 12.530 89.455
13.657 3.795 12.166 7.818
8.243 2.522 7.616 15.604
5.414 1.748 5.099 8.963
12.414 3.751 12.042 10.021
14.071 3.874 12.369 7.818
13.071 3.558 11.045 6.239
17.485 5.046 16.155 9.517
46.113 12.689 41.146 13.025
5.000 1.708 5.000 0.000
9.243 2.749 8.544 7.321
12.657 3.693 11.705 9.752
13.071 3.693 12.083 9.920
39.213 10.311 32.802 9.300
5.414 1.748 5.099 8.963
48.527 12.128 38.053 18.189
42.213 10.804 36.346 7.745
12.899 3.874 12.042 29.127
9.071 2.803 8.602 12.920
29.213 8.054 27.019 15.975
14.728 4.200 13.038 18.888
6.243 2.014 5.831 48.710
5.243 1.833 5.000 21.223
5.828 1.772 5.000 2.368
8.243 2.537 7.616 6.399
6.828 2.100 6.325 9.315
8.071 2.356 6.708 16.916
7.828 2.395 7.280 12.838
8.243 2.537 7.616 8.099
19.971 4.895 16.401 3.932
4.828 1.600 4.472 5035177455121575.000
9.071 2.736 8.602 6.701
6.414 2.030 6.083 10.021
14.071 3.806 12.042 3.974
4.000 1.414 4.000 0.000
4.243 1.581 4.243 0.000
5.000 1.708 5.000 0.000
10.071 3.071 9.434 13.496
13.071 3.807 12.083 13.053
3.000 1.118 3.000 0.000
